0 11
1 2
2 2
3 3
4 3
5 3
6 3
7 6
8 5
9 6
10 6
11 19
12 6
13 8
14 22
15 8
16 9
17 29
18 11
19 10
20 11
21 12
22 12
23 13
24 13
25 14
26 16
27 32
28 29
29 16
30 17
31 18
32 19
33 20
34 28
35 22
36 21
37 37
38 36
39 38
40 23
41 24
42 50
43 24
44 54
45 55
46 55
47 55
48 28
49 44
50 50
51 33
52 32
53 64
54 34
55 45
56 34
57 34
58 46
59 38
60 72
61 38
62 38
63 38
64 39
65 40
66 41
67 41
68 42
69 43
70 44
71 44
72 48
73 45
74 57
75 46
76 46
77 46
78 47
79 48
80 48
81 49
82 50
83 54
84 51
85 53
86 52
87 52
88 53
89 53
90 65
91 55
92 55
93 68
94 56
95 68
96 57
97 58
98 59
99 58
100 64
101 58
102 58
103 142
104 59
105 60
106 67
107 62
108 61
109 69
110 63
111 63
112 70
113 64
114 65
115 71
116 66
117 75
118 75
119 70
120 69
121 70
122 70
123 77
124 71
125 72
126 78
127 73
128 76
129 74
130 74
131 81
132 76
133 76
134 84
135 78
136 92
137 137
138 108
139 81
140 81
141 88
142 82
143 103
144 83
145 84
146 84
147 85
148 158
149 148
150 94
151 88
152 95
153 88
154 89
155 90
156 91
157 105
158 92
159 99
160 94
161 100
162 94
163 101
164 95
165 102
166 96
167 103
168 97
169 104
170 100
171 105
172 99
173 105
174 100
175 107
176 101
177 111
178 103
179 109
180 104
181 110
182 104
183 111
184 111
185 107
186 107
187 109
188 114
189 109
190 115
191 109
192 116
193 147
194 118
195 113
196 112
197 118
198 113
199 120
200 114
201 163
202 181
203 117
204 123
205 118
206 132
207 119
208 121
209 127
210 121
211 128
212 124
213 123
214 130
215 124
216 129
217 127
218 126
219 131
220 127
221 129
222 134
223 129
224 135
225 135
226 130
227 142
228 201
229 143
230 212
231 276
232 233
233 136
234 136
235 141
236 137
237 137
238 138
239 139
240 142
241 140
242 187
243 142
244 145
245 185
246 153
247 145
248 154
249 155
250 146
251 147
252 155
253 155
254 149
255 150
256 157
257 156
258 228
259 271
260 342
261 372
262 411
263 264
264 156
265 156
266 313
267 320
268 247
269 160
270 159
271 190
272 175
273 202
274 228
275 194
276 249
277 168
278 165
279 165
280 191
281 174
282 198
283 168
284 170
285 176
286 285
287 173
288 173
289 176
290 173
291 174
292 175
293 211
294 176
295 178
296 186
297 181
298 180
299 187
300 186
301 188
302 341
303 192
304 297
305 192
306 192
307 267
308 185
309 185
310 186
311 193
312 194
313 194
314 199
315 197
316 208
317 198
318 202
319 199
320 194
321 200
322 195
323 195
324 196
325 200
326 204
327 204
328 203
329 205
330 206
331 389
332 202
333 210
334 203
335 215
336 210
337 211
338 214
339 286
340 213
341 337
342 209
343 209
344 245
345 211
346 213
347 214
348 213
349 219
350 254
351 231
352 222
353 223
354 223
355 225
356 227
357 253
358 227
359 225
360 229
361 228
362 229
363 231
364 224
365 224
366 263
367 231
368 233
369 263
370 233
371 234
372 237
373 235
374 236
375 238
376 230
377 236
378 240
379 238
380 239
381 243
382 243
383 243
384 274
385 256
386 257
387 260
388 259
389 260
390 269
391 258
392 261
393 264
394 264
395 267
396 265
397 265
398 268
399 273
400 272
401 270
402 264
403 271
404 272
405 280
406 276
407 274
408 277
409 274
410 276
411 273
412 277
413 278
414 281
415 281
416 281
417 281
418 283
419 284
420 282
421 284
422 283
423 292
424 288
425 288
426 289
427 289
428 289
429 294
430 293
431 293
432 293
433 294
434 296
435 294
436 298
437 303
438 299
439 300
440 298
441 300
442 300
443 301
444 302
445 304
446 301
447 303
448 305
449 308
450 307
451 312
452 309
453 312
454 317
455 310
456 311
457 312
458 318
459 315
460 319
461 318
462 318
463 321
464 329
465 325
466 324
467 349
468 338
469 329
470 328
471 327
472 329
473 335
474 334
475 333
476 332
477 333
478 343
479 335
480 338
481 337
482 341
483 339
484 341
485 340
486 340
487 342
488 342
489 344
490 348
491 347
492 344
493 347
494 345
495 356
496 349
497 356
498 349
499 350
500 350
501 352
502 354
503 353
504 360
505 355
506 363
507 356
508 359
509 359
510 360
511 368
512 363
513 361
514 364
515 361
516 373
517 362
518 367
519 365
520 365
521 377
522 369
523 367
524 371
525 369
526 389
527 371
528 372
529 378
530 373
531 372
532 381
533 374
534 404
535 393
536 377
537 387
538 385
539 382
540 380
541 388
542 383
543 383
544 390
545 386
546 384
547 387
548 391
549 388
550 386
551 393
552 397
553 389
554 392
555 397
556 394
557 392
558 401
559 397
560 407
561 395
562 402
563 405
564 397
565 400
566 406
567 410
568 413
569 404
570 405
571 410
572 409
573 405
574 407
575 406
576 416
577 408
578 410
579 408
580 413
581 424
582 431
583 417
584 413
585 418
586 417
587 424
588 424
589 426
590 418
591 426
592 444
593 416
594 417
595 420
596 419
597 432
598 430
599 446
600 419
601 422
602 431
603 439
604 432
605 430
606 434
607 433
608 426
609 429
610 441
611 432
612 475
613 495
614 455
615 442
616 453
617 498
618 440
619 443
620 438
621 437
622 444
623 436
624 444
625 439
626 440
627 443
628 439
629 444
630 441
631 449
632 461
633 449
634 475
635 452
636 453
637 457
638 454
639 459
640 456
641 455
642 582
643 451
644 453
645 460
646 453
647 465
648 459
649 458
650 465
651 464
652 463
653 468
654 466
655 472
656 465
657 460
658 467
659 462
660 468
661 481
662 473
663 476
664 471
665 466
666 470
667 471
668 465
669 476
670 477
671 475
672 480
673 480
674 475
675 496
676 480
677 490
678 486
679 546
680 480
681 498
682 534
683 487
684 485
685 482
686 491
687 494
688 498
689 486
690 623
691 494
692 494
693 495
694 493
695 489
696 497
697 498
698 496
699 493
700 498
701 510
702 503
703 495
704 501
705 504
706 507
707 500
708 506
709 513
710 503
711 508
712 511
713 510
714 519
715 515
716 515
717 509
718 514
719 516
720 510
721 517
722 517
723 514
724 518
725 518
726 530
727 522
728 528
729 521
730 524
731 524
732 523
733 527
734 522
735 526
736 596
737 528
738 528
739 530
740 530
741 532
742 529
743 531
744 587
745 534
746 536
747 537
748 545
749 532
750 537
751 535
752 540
753 528
754 529
755 532
756 531
757 529
758 625
759 534
760 525
761 532
762 530
763 535
764 536
765 542
766 540
767 536
768 538
769 540
770 541
771 537
772 540
773 543
774 550
775 582
776 544
777 545
778 552
779 545
780 544
781 549
782 551
783 547
784 549
785 553
786 551
787 552
788 624
789 555
790 553
791 551
792 554
793 564
794 559
795 558
796 559
797 560
798 562
799 563
800 560
801 678
802 564
803 566
804 568
805 565
806 569
807 623
808 568
809 570
810 571
811 587
812 573
813 570
814 641
815 576
816 574
817 575
818 574
819 575
820 582
821 666
822 574
823 628
824 587
825 585
826 657
827 584
828 584
829 582
830 585
831 586
832 588
833 585
834 595
835 591
836 591
837 589
838 591
839 656
840 593
841 703
842 596
843 595
844 593
845 594
846 595
847 597
848 606
849 597
850 603
851 601
852 602
853 603
854 601
855 600
856 603
857 604
858 604
859 610
860 603
861 700
862 644
863 680
864 612
865 652
866 610
867 610
868 610
869 613
870 620
871 615
872 612
873 615
874 615
875 659
876 621
877 624
878 619
879 616
880 621
881 618
882 633
883 623
884 623
885 629
886 619
887 659
888 624
889 626
890 626
891 627
892 634
893 627
894 640
895 637
896 631
897 632
898 630
899 635
900 724
901 631
902 634
903 637
904 646
905 639
906 639
907 640
908 640
909 642
910 648
911 688
912 650
913 650
914 650
915 651
916 653
917 734
918 661
919 653
920 660
921 694
922 655
923 658
924 657
925 658
926 659
927 662
928 656
929 662
930 659
931 701
932 658
933 659
934 658
935 732
936 664
937 664
938 664
939 664
940 676
941 673
942 672
943 671
944 667
945 724
946 668
947 669
948 672
949 671
950 690
951 679
952 751
953 686
954 673
955 674
956 745
957 675
958 683
959 683
960 686
961 693
962 732
963 736
964 692
965 693
966 735
967 695
968 697
969 780
970 706
971 696
972 700
973 711
974 700
975 705
976 703
977 702
978 706
979 707
980 702
981 719
982 712
983 709
984 716
985 793
986 712
987 712
988 766
989 702
990 708
991 713
992 717
993 711
994 714
995 717
996 711
997 722
998 725
999 722
1000 725
1001 774
1002 727
1003 718
1004 725
1005 719
1006 762
1007 727
1008 722
1009 728
1010 722
1011 741
1012 730
1013 735
1014 727
1015 734
1016 823
1017 789
1018 735
1019 773
1020 734
1021 733
1022 738
1023 730
1024 739
1025 734
1026 739
1027 829
1028 740
1029 734
1030 744
1031 739
1032 743
1033 748
1034 737
1035 745
1036 749
1037 746
1038 748
1039 742
1040 748
1041 754
1042 759
1043 750
1044 753
1045 777
1046 869
1047 755
1048 834
1049 755
1050 750
1051 756
1052 757
1053 751
1054 758
1055 754
1056 763
1057 761
1058 765
1059 768
1060 757
1061 766
1062 766
1063 836
1064 770
1065 901
1066 768
1067 765
1068 759
1069 769
1070 772
1071 806
1072 774
1073 782
1074 847
1075 775
1076 777
1077 777
1078 855
1079 780
1080 780
1081 774
1082 780
1083 779
1084 777
1085 784
1086 791
1087 787
1088 780
1089 786
1090 789
1091 785
1092 780
1093 797
1094 820
1095 790
1096 786
1097 802
1098 794
1099 791
1100 786
1101 793
1102 865
1103 794
1104 799
1105 788
1106 870
1107 801
1108 800
1109 840
1110 797
1111 908
1112 801
1113 803
1114 804
1115 800
1116 806
1117 812
1118 809
1119 847
1120 813
1121 813
1122 807
1123 811
1124 823
1125 811
1126 813
1127 813
1128 816
1129 810
1130 815
1131 815
1132 815
1133 814
1134 803
1135 800
1136 818
1137 909
1138 821
1139 825
1140 822
1141 823
1142 821
1143 825
1144 864
1145 827
1146 986
1147 825
1148 826
1149 830
1150 840
1151 829
1152 824
1153 828
1154 828
1155 864
1156 838
1157 835
1158 835
1159 833
1160 892
1161 840
1162 838
1163 878
1164 841
1165 837
1166 839
1167 839
1168 842
1169 845
1170 845
1171 842
1172 857
1173 882
1174 956
1175 851
1176 846
1177 882
1178 849
1179 847
1180 888
1181 895
1182 853
1183 852
1184 854
1185 856
1186 855
1187 854
1188 963
1189 858
1190 866
1191 859
1192 857
1193 858
1194 859
1195 860
1196 863
1197 939
1198 861
1199 861
1200 867
1201 1118
1202 850
1203 923
1204 865
1205 967
1206 865
1207 916
1208 894
1209 869
1210 871
1211 874
1212 913
1213 998
1214 858
1215 858
1216 878
1217 875
1218 874
1219 880
1220 874
1221 907
1222 880
1223 879
1224 886
1225 936
1226 920
1227 914
1228 884
1229 996
1230 887
1231 884
1232 886
1233 886
1234 892
1235 887
1236 887
1237 954
1238 890
1239 890
1240 918
1241 890
1242 889
1243 894
1244 893
1245 893
1246 902
1247 896
1248 893
1249 943
1250 901
1251 899
1252 897
1253 890
1254 892
1255 901
1256 902
1257 928
1258 920
1259 924
1260 923
1261 925
1262 928
1263 925
1264 926
1265 965
1266 928
1267 928
1268 928
1269 929
1270 941
1271 967
1272 934
1273 944
1274 965
1275 933
1276 933
1277 963
1278 940
1279 936
1280 932
1281 941
1282 940
1283 937
1284 935
1285 938
1286 944
1287 937
1288 941
1289 939
1290 989
1291 951
1292 952
1293 944
1294 946
1295 945
1296 964
1297 947
1298 950
1299 949
1300 949
1301 949
1302 991
1303 956
1304 950
1305 956
1306 952
1307 952
1308 963
1309 956
1310 965
1311 959
1312 959
1313 962
1314 1001
1315 964
1316 962
1317 963
1318 965
1319 971
1320 964
1321 965
1322 964
1323 975
1324 967
1325 976
1326 982
1327 972
1328 973
1329 976
1330 1011
1331 975
1332 974
1333 991
1334 955
1335 954
1336 953
1337 953
1338 1144
1339 959
1340 954
1341 969
1342 957
1343 976
1344 958
1345 997
1346 969
1347 960
1348 970
1349 962
1350 963
1351 971
1352 964
1353 987
1354 965
1355 969
1356 976
1357 966
1358 968
1359 976
1360 1062
1361 1049
1362 977
1363 975
1364 973
1365 979
1366 971
1367 1110
1368 980
1369 975
1370 980
1371 983
1372 1008
1373 977
1374 1083
1375 978
1376 979
1377 984
1378 981
1379 985
1380 987
1381 1013
1382 984
1383 981
1384 1043
1385 987
1386 1020
1387 992
1388 999
1389 1062
1390 985
1391 997
1392 994
1393 989
1394 992
1395 997
1396 1040
1397 994
1398 994
1399 998
1400 999
1401 998
1402 995
1403 1124
1404 1012
1405 1005
1406 998
1407 1001
1408 1009
1409 1010
1410 1081
1411 1003
1412 1004
1413 1017
1414 1012
1415 1017
1416 1006
1417 1009
1418 1076
1419 1011
1420 1010
1421 1017
1422 1057
1423 1057
1424 1014
1425 1087
1426 1015
1427 1051
1428 1138
1429 1184
1430 1055
1431 1049
1432 1026
1433 1472
1434 1277
1435 1042
1436 1050
1437 1096
1438 1134
1439 1030
1440 1029
1441 1028
1442 1068
1443 1072
1444 1128
1445 1032
1446 1027
1447 1028
1448 1025
1449 1365
1450 1136
1451 1073
1452 1031
1453 1036
1454 1038
1455 1037
1456 1040
1457 1036
1458 1143
1459 1044
1460 1045
1461 1042
1462 1050
1463 1042
1464 1040
1465 1084
1466 1048
1467 1043
1468 1046
1469 1045
1470 1046
1471 1110
1472 1127
1473 1050
1474 1052
1475 1086
1476 1078
1477 1079
1478 1082
1479 1086
1480 1078
1481 1145
1482 1084
1483 1083
1484 1085
1485 1086
1486 1084
1487 1081
1488 1082
1489 1084
1490 1087
1491 1087
1492 1179
1493 1097
1494 1137
1495 1087
1496 1095
1497 1093
1498 1093
1499 1115
1500 1086
1501 1087
1502 1131
1503 1096
1504 1100
1505 1102
1506 1102
1507 1099
1508 1116
1509 1108
1510 1102
1511 1117
1512 1112
1513 1130
1514 1115
1515 1107
1516 1106
1517 1107
1518 1102
1519 1106
1520 1112
1521 1107
1522 1109
1523 1159
1524 1109
1525 1113
1526 1111
1527 1116
1528 1166
1529 1093
1530 1113
1531 1109
1532 1128
1533 1149
1534 1121
1535 1120
1536 1114
1537 1127
1538 1122
1539 1123
1540 1117
1541 1101
1542 1098
1543 1102
1544 1195
1545 1100
1546 1101
1547 1119
1548 1103
1549 1105
1550 1108
1551 1108
1552 1110
1553 1110
1554 1106
1555 1109
1556 1109
1557 1209
1558 1101
1559 1109
1560 1150
1561 1115
1562 1113
1563 1114
1564 1310
1565 1115
1566 1116
1567 1121
1568 1162
1569 1120
1570 1199
1571 1116
1572 1119
1573 1121
1574 1240
1575 1123
1576 1122
1577 1226
1578 1137
1579 1121
1580 1124
1581 1138
1582 1125
1583 1184
1584 1272
1585 1198
1586 1139
1587 1128
1588 1126
1589 1234
1590 1127
1591 1131
1592 1130
1593 1139
1594 1221
1595 1193
1596 1173
1597 1135
1598 1133
1599 1135
1600 1138
1601 1139
1602 1172
1603 1141
1604 1206
1605 1154
1606 1141
1607 1143
1608 1202
1609 1182
1610 1145
1611 1148
1612 1181
1613 1145
1614 1198
1615 1122
1616 1156
1617 1191
1618 1150
1619 1151
1620 1151
1621 1251
1622 1150
1623 1209
1624 1217
1625 1154
1626 1195
1627 1158
1628 1152
1629 1156
1630 1168
1631 1161
1632 1155
1633 1228
1634 1229
1635 1161
1636 1161
1637 1166
1638 1164
1639 1278
1640 1163
1641 1169
1642 1178
1643 1164
1644 1183
1645 1239
1646 1165
1647 1211
1648 1168
1649 1168
1650 1169
1651 1174
1652 1273
1653 1172
1654 1171
1655 1204
1656 1170
1657 1209
1658 1174
1659 1171
1660 1177
1661 1192
1662 1175
1663 1229
1664 1242
1665 1176
1666 1181
1667 1183
1668 1214
1669 1293
1670 1180
1671 1177
1672 1186
1673 1229
1674 1216
1675 1225
1676 1185
1677 1185
1678 1193
1679 1197
1680 1188
1681 1227
1682 1257
1683 1194
1684 1190
1685 1188
1686 1188
1687 1192
1688 1201
1689 1195
1690 1193
1691 1208
1692 1245
1693 1197
1694 1288
1695 1199
1696 1196
1697 1209
1698 1196
1699 1204
1700 1235
1701 1199
1702 1285
1703 1207
1704 1201
1705 1206
1706 1272
1707 1209
1708 1205
1709 1205
1710 1205
1711 1280
1712 1402
1713 1224
1714 1215
1715 1225
1716 1218
1717 1219
1718 1257
1719 1215
1720 1300
1721 1213
1722 1253
1723 1216
1724 1329
1725 1217
1726 1219
1727 1216
1728 1220
1729 1279
1730 1226
1731 1218
1732 1230
1733 1222
1734 1223
1735 1225
1736 1230
1737 1231
1738 1278
1739 1265
1740 1259
1741 1266
1742 1268
1743 1233
1744 1234
1745 1273
1746 1230
1747 1300
1748 1232
1749 1230
1750 1241
1751 1240
1752 1236
1753 1278
1754 1241
1755 1241
1756 1237
1757 1295
1758 1243
1759 1232
1760 1237
1761 1241
1762 1277
1763 1240
1764 1403
1765 1244
1766 1331
1767 1255
1768 1248
1769 1247
1770 1282
1771 1249
1772 1246
1773 1287
1774 1287
1775 1251
1776 1298
1777 1249
1778 1252
1779 1251
1780 1248
1781 1325
1782 1253
1783 1334
1784 1252
1785 1262
1786 1255
1787 1253
1788 1280
1789 1257
1790 1275
1791 1260
1792 1346
1793 1325
1794 1262
1795 1263
1796 1265
1797 1272
1798 1309
1799 1316
1800 1270
1801 1270
1802 1268
1803 1273
1804 1265
1805 1283
1806 1315
1807 1271
1808 1268
1809 1335
1810 1337
1811 1274
1812 1275
1813 1277
1814 1277
1815 1280
1816 1366
1817 1271
1818 1333
1819 1273
1820 1277
1821 1314
1822 1332
1823 1280
1824 1291
1825 1280
1826 1278
1827 1486
1828 1282
1829 1279
1830 1286
1831 1284
1832 1289
1833 1288
1834 1310
1835 1286
1836 1264
1837 1298
1838 1435
1839 1295
1840 1287
1841 1288
1842 1287
1843 1480
1844 1389
1845 1294
1846 1293
1847 1293
1848 1295
1849 1371
1850 1299
1851 1302
1852 1297
1853 1385
1854 1371
1855 1305
1856 1296
1857 1297
1858 1299
1859 1306
1860 1345
1861 1297
1862 1361
1863 1307
1864 1310
1865 1315
1866 1342
1867 1302
1868 1346
1869 1313
1870 1309
1871 1447
1872 1313
1873 1309
1874 1307
1875 1312
1876 1316
1877 1309
1878 1319
1879 1367
1880 1342
1881 1358
1882 1405
1883 1315
1884 1318
1885 1318
1886 1314
1887 1393
1888 1407
1889 1377
1890 1340
1891 1327
1892 1321
1893 1325
1894 1325
1895 1390
1896 1331
1897 1418
1898 1613
1899 1325
1900 1336
1901 1346
1902 1364
1903 1370
1904 1365
1905 1712
1906 1360
1907 1347
1908 1338
1909 1373
1910 1338
1911 1332
1912 1342
1913 1337
1914 1343
1915 1344
1916 1341
1917 1347
1918 1337
1919 1348
1920 1350
1921 1359
1922 1651
1923 1343
1924 1382
1925 1375
1926 1348
1927 1376
1928 1351
1929 1349
1930 1499
1931 1354
1932 1365
1933 1356
1934 1364
1935 1448
1936 1357
1937 1355
1938 1361
1939 1391
1940 1398
1941 1362
1942 1361
1943 1396
1944 1364
1945 1357
1946 1440
1947 1385
1948 1411
1949 1391
1950 1397
1951 1441
1952 1410
1953 1401
1954 1401
1955 1404
1956 1408
1957 1404
1958 1394
1959 1400
1960 1399
1961 1410
1962 1467
1963 1411
1964 1423
1965 1401
1966 1416
1967 1406
1968 1414
1969 1421
1970 1458
1971 1414
1972 1413
1973 1414
1974 1418
1975 1408
1976 1449
1977 1412
1978 1472
1979 1428
1980 1426
1981 1424
1982 1424
1983 1425
1984 1423
1985 1426
1986 1498
1987 1430
1988 1424
1989 1420
1990 1437
1991 1427
1992 1437
1993 1432
1994 1517
1995 1433
1996 1432
1997 1435
1998 1437
1999 1435
2000 1397
2001 1398
2002 1510
2003 1404
2004 1411
2005 1405
2006 1401
2007 1512
2008 1412
2009 1404
2010 1410
2011 1408
2012 1449
2013 1408
2014 1407
2015 1411
2016 1407
2017 1484
2018 1388
2019 1412
2020 1412
2021 1411
2022 1452
2023 1417
2024 1417
2025 1585
2026 1487
2027 1715
2028 1894
2029 1763
2030 2004
2031 2187
2032 1866
2033 1973
2034 1494
2035 1733
2036 1811
2037 1802
2038 1843
2039 1960
2040 2070
2041 1697
2042 1879
2043 2027
2044 1569
2045 1503
2046 1501
2047 1571
2048 1502
2049 1515
2050 1655
2051 1591
2052 1539
2053 1673
2054 1562
2055 1620
2056 1668
2057 1548
2058 1578
2059 1532
2060 1508
2061 1505
2062 1508
2063 1528
2064 1526
2065 1517
2066 1578
2067 1539
2068 1523
2069 1615
2070 1576
2071 1530
2072 1526
2073 1563
2074 1556
2075 1521
2076 1523
2077 1577
2078 1651
2079 1588
2080 1672
2081 1785
2082 1766
2083 1989
2084 1713
2085 1608
2086 1567
2087 1593
2088 1684
2089 1715
2090 1575
2091 1768
2092 1800
2093 1795
2094 1770
2095 1598
2096 1546
2097 1535
2098 1538
2099 1535
2100 1643
2101 1606
2102 1617
2103 1574
2104 1773
2105 1550
2106 1544
2107 1540
2108 1549
2109 1521
2110 1539
2111 1548
2112 1545
2113 1540
2114 1558
2115 1549
2116 1550
2117 1544
2118 1547
2119 1554
2120 1550
2121 1546
2122 1548
2123 1553
2124 1551
2125 1558
2126 1554
2127 1556
2128 1601
2129 1590
2130 1909
2131 1559
2132 1550
2133 1557
2134 1560
2135 1546
2136 1535
2137 1632
2138 1524
2139 1524
2140 1522
2141 1524
2142 1568
2143 1526
2144 1669
2145 1584
2146 1534
2147 1530
2148 1528
2149 1539
2150 1604
2151 1570
2152 1567
2153 1535
2154 1539
2155 1541
2156 1536
2157 1537
2158 1552
2159 1723
2160 1665
2161 1627
2162 1815
2163 1552
2164 1541
2165 1582
2166 1650
2167 1544
2168 1540
2169 1549
2170 1548
2171 1542
2172 1558
2173 1631
2174 1544
2175 1543
2176 1551
2177 1548
2178 1552
2179 1548
2180 1549
2181 1728
2182 1551
2183 1562
2184 1564
2185 1555
2186 1567
2187 1569
2188 1649
2189 1555
2190 1554
2191 1560
2192 1558
2193 1557
2194 1560
2195 1597
2196 1557
2197 1558
2198 1566
2199 1563
2200 1559
2201 1567
2202 1642
2203 1564
2204 1585
2205 1563
2206 1565
2207 1576
2208 1572
2209 1570
2210 1587
2211 1567
2212 1567
2213 1572
2214 1590
2215 1572
2216 1622
2217 1630
2218 1574
2219 1581
2220 1577
2221 1580
2222 1588
2223 1588
2224 1634
2225 1581
2226 1583
2227 1636
2228 1580
2229 1585
2230 1624
2231 1663
2232 1547
2233 1590
2234 1551
2235 1556
2236 1598
2237 1552
2238 1593
2239 1655
2240 1596
2241 1578
2242 1555
2243 1576
2244 1554
2245 1679
2246 1561
2247 1564
2248 1641
2249 1562
2250 1561
2251 1564
2252 2080
2253 1611
2254 1566
2255 1570
2256 1565
2257 1606
2258 1665
2259 1541
2260 1573
2261 1610
2262 1573
2263 1583
2264 1570
2265 1683
2266 1571
2267 1601
2268 1572
2269 1575
2270 1579
2271 1645
2272 1666
2273 1628
2274 1609
2275 1619
2276 1611
2277 1617
2278 1614
2279 1758
2280 1744
2281 1652
2282 1619
2283 1622
2284 1636
2285 1622
2286 1680
2287 1624
2288 1625
2289 1624
2290 1624
2291 1623
2292 1627
2293 1742
2294 1624
2295 1648
2296 1630
2297 1633
2298 1636
2299 1634
2300 1935
2301 1636
2302 1874
2303 1632
2304 1630
2305 1648
2306 1637
2307 1671
2308 1650
2309 1643
2310 1636
2311 1638
2312 1642
2313 1639
2314 1703
2315 1653
2316 1645
2317 1649
2318 1651
2319 1653
2320 1640
2321 1706
2322 1652
2323 1647
2324 1657
2325 1652
2326 1656
2327 1646
2328 1730
2329 1657
2330 1648
2331 1655
2332 1697
2333 1655
2334 1651
2335 1656
2336 1652
2337 1695
2338 1656
2339 1657
2340 1663
2341 1697
2342 1630
2343 1671
2344 1667
2345 1671
2346 1665
2347 1667
2348 1668
2349 1669
2350 1706
2351 1660
2352 1676
2353 1670
2354 1738
2355 1746
2356 1665
2357 1665
2358 1676
2359 1676
2360 1683
2361 1636
2362 1791
2363 1641
2364 1708
2365 1643
2366 1652
2367 1676
2368 1644
2369 1716
2370 1639
2371 1717
2372 1650
2373 1650
2374 1665
2375 1648
2376 1724
2377 1691
2378 1640
2379 1640
2380 1689
2381 1651
2382 1654
2383 1713
2384 1652
2385 1662
2386 1666
2387 1655
2388 1656
2389 2002
2390 1647
2391 1652
2392 1658
2393 1789
2394 1662
2395 1663
2396 1658
2397 1662
2398 1665
2399 1700
2400 1667
2401 1641
2402 1741
2403 1733
2404 1699
2405 1699
2406 1716
2407 1698
2408 1707
2409 1880
2410 1766
2411 1744
2412 1756
2413 1711
2414 1781
2415 1728
2416 1711
2417 1794
2418 1708
2419 1712
2420 1707
2421 1706
2422 1788
2423 1722
2424 1718
2425 1730
2426 1717
2427 1721
2428 1735
2429 1761
2430 1725
2431 1752
2432 1724
2433 1724
2434 1724
2435 1819
2436 1725
2437 1736
2438 1727
2439 1719
2440 1729
2441 1728
2442 1768
2443 1730
2444 1724
2445 1726
2446 1728
2447 1731
2448 1771
2449 1736
2450 1750
2451 1733
2452 1737
2453 1739
2454 1733
2455 1780
2456 1737
2457 1745
2458 1747
2459 1746
2460 1746
2461 1751
2462 1797
2463 1748
2464 1753
2465 1747
2466 1753
2467 1753
2468 1798
2469 2101
2470 1913
2471 1860
2472 2298
2473 1999
2474 1852
2475 1756
2476 1822
2477 1762
2478 1755
2479 1902
2480 1810
2481 1755
2482 1760
2483 1759
2484 1798
2485 1759
2486 1774
2487 1839
2488 1759
2489 1784
2490 1764
2491 1764
2492 1767
2493 1821
2494 1765
2495 1770
2496 1771
2497 1770
2498 1788
2499 1767
2500 1818
2501 1776
2502 1770
2503 1766
2504 1770
2505 1767
2506 1827
2507 1733
2508 1817
2509 2001
2510 1802
2511 1782
2512 1775
2513 1769
2514 1778
2515 1780
2516 1779
2517 1772
2518 2207
2519 1885
2520 1829
2521 1784
2522 1783
2523 1784
2524 1782
2525 1912
2526 1784
2527 1784
2528 1785
2529 1788
2530 1785
2531 1847
2532 1786
2533 1791
2534 1787
2535 1793
2536 1794
2537 1794
2538 1828
2539 1795
2540 1802
2541 1797
2542 1798
2543 1806
2544 1850
2545 1798
2546 1799
2547 1799
2548 1800
2549 1805
2550 1800
2551 1804
2552 1799
2553 1799
2554 1799
2555 1804
2556 1798
2557 1878
2558 1800
2559 1801
2560 1801
2561 1804
2562 1803
2563 1912
2564 1811
2565 1813
2566 1814
2567 1779
2568 1777
2569 1844
2570 1777
2571 1789
2572 1840
2573 1817
2574 1777
2575 1781
2576 1894
2577 1904
2578 1775
2579 1776
2580 1814
2581 1933
2582 1828
2583 1792
2584 1774
2585 1880
2586 1783
2587 1783
2588 1783
2589 1907
2590 1787
2591 1795
2592 1787
2593 1929
2594 1789
2595 1986
2596 1795
2597 1943
2598 1804
2599 1824
2600 1824
2601 1818
2602 1794
2603 1861
2604 1788
2605 1789
2606 1913
2607 1836
2608 2174
2609 1839
2610 1862
2611 1838
2612 1840
2613 1853
2614 1936
2615 1847
2616 1851
2617 1872
2618 1861
2619 1850
2620 1905
2621 1849
2622 1849
2623 1861
2624 1888
2625 1852
2626 1945
2627 1855
2628 1854
2629 1855
2630 1871
2631 1856
2632 1891
2633 1859
2634 1856
2635 1863
2636 1869
2637 1859
2638 1916
2639 1858
2640 1856
2641 1858
2642 1919
2643 1865
2644 1904
2645 1867
2646 1865
2647 1861
2648 1864
2649 1869
2650 1870
2651 1920
2652 1867
2653 1884
2654 1873
2655 1871
2656 1869
2657 1911
2658 1875
2659 1911
2660 1872
2661 1871
2662 1867
2663 1990
2664 1873
2665 1893
2666 1914
2667 1877
2668 1876
2669 1993
2670 1888
2671 1888
2672 1878
2673 1885
2674 1882
2675 1940
2676 1937
2677 1883
2678 1962
2679 1891
2680 1889
2681 1936
2682 1891
2683 1886
2684 1874
2685 1850
2686 1958
2687 1851
2688 1863
2689 1851
2690 1881
2691 1852
2692 1840
2693 1855
2694 2043
2695 1856
2696 1850
2697 1888
2698 1916
2699 1862
2700 1948
2701 1885
2702 1844
2703 1855
2704 1855
2705 2024
2706 1860
2707 1849
2708 1856
2709 1888
2710 1855
2711 1963
2712 1818
2713 1930
2714 1863
2715 1894
2716 1864
2717 1944
2718 1863
2719 1860
2720 1864
2721 1957
2722 1862
2723 1910
2724 1902
2725 1946
2726 1871
2727 1870
2728 1870
2729 1873
2730 1909
2731 1877
2732 1873
2733 1867
2734 1921
2735 1905
2736 1996
2737 1871
2738 1872
2739 1899
2740 1965
2741 1878
2742 1942
2743 1881
2744 1919
2745 1914
2746 1888
2747 1880
2748 2065
2749 1881
2750 1881
2751 1881
2752 1886
2753 1884
2754 2042
2755 1960
2756 1888
2757 1900
2758 1891
2759 2010
2760 1965
2761 1894
2762 1891
2763 1960
2764 1900
2765 1938
2766 2141
2767 2043
2768 1912
2769 1898
2770 1985
2771 1899
2772 1972
2773 1897
2774 1994
2775 1952
2776 1896
2777 1904
2778 2017
2779 1936
2780 1907
2781 1999
2782 1897
2783 1938
2784 2054
2785 1907
2786 1914
2787 1911
2788 1909
2789 2008
2790 2016
2791 1922
2792 1917
2793 1953
2794 1914
2795 1953
2796 2018
2797 1913
2798 1966
2799 1919
2800 1920
2801 1916
2802 2148
2803 1919
2804 2091
2805 1905
2806 1920
2807 2101
2808 1981
2809 1966
2810 1937
2811 1922
2812 1925
2813 2138
2814 1965
2815 2034
2816 1928
2817 1924
2818 1925
2819 2014
2820 1928
2821 1931
2822 1921
2823 1935
2824 2047
2825 1965
2826 2028
2827 1929
2828 1936
2829 1934
2830 2015
2831 1937
2832 1946
2833 1938
2834 1968
2835 1946
2836 1994
2837 2015
2838 1936
2839 1942
2840 1937
2841 1996
2842 2016
2843 1942
2844 1943
2845 2045
2846 1945
2847 1947
2848 2085
2849 1946
2850 1948
2851 1944
2852 2040
2853 1952
2854 2026
2855 1988
2856 2073
2857 1952
2858 1978
2859 1980
2860 2467
2861 1958
2862 1958
2863 2054
2864 1957
2865 2062
2866 1956
2867 2015
2868 1961
2869 1961
2870 1964
2871 1971
2872 1959
2873 1967
2874 2045
2875 1967
2876 2019
2877 1974
2878 2037
2879 2012
2880 1965
2881 1976
2882 2043
2883 2004
2884 2012
2885 2013
2886 1974
2887 1970
2888 2032
2889 2013
2890 1978
2891 1969
2892 2042
2893 2017
2894 2070
2895 1979
2896 2057
2897 1992
2898 1975
2899 1978
2900 1982
2901 1992
2902 2020
2903 2042
2904 1984
2905 2063
2906 2018
2907 2057
2908 1983
2909 1989
2910 2022
2911 2040
2912 1997
2913 1989
2914 2068
2915 1988
2916 1986
2917 2047
2918 1993
2919 2002
2920 1995
2921 2077
2922 2000
2923 2012
2924 2001
2925 2140
2926 1998
2927 1999
2928 2319
2929 2040
2930 2001
2931 2034
2932 2073
2933 1999
2934 2098
2935 1997
2936 1999
2937 2001
2938 1997
2939 2079
2940 2001
2941 2056
2942 2055
2943 2012
2944 2013
2945 2132
2946 2090
2947 2009
2948 2011
2949 2014
2950 2120
2951 2088
2952 2014
2953 2067
2954 2017
2955 2070
2956 2019
2957 2089
2958 2018
2959 2066
2960 2019
2961 2028
2962 2111
2963 2026
2964 2110
2965 2021
2966 2039
2967 2030
2968 2080
2969 2027
2970 2025
2971 2129
2972 2032
2973 2030
2974 2172
2975 2076
2976 2041
2977 2078
2978 2105
2979 2143
2980 2036
2981 2071
2982 2081
2983 2042
2984 2039
2985 2288
2986 2033
2987 2053
2988 2036
2989 2147
2990 2112
2991 2043
2992 2152
2993 2043
2994 2039
2995 2042
2996 2337
2997 2121
2998 2082
2999 2128
3000 2113
3001 2056
3002 2051
3003 2239
3004 2059
3005 2052
3006 2104
3007 2161
3008 2066
3009 2693
3010 2049
3011 2867
3012 2241
3013 2059
3014 2105
3015 2109
3016 2128
3017 2138
3018 2104
3019 2179
3020 2109
3021 2108
3022 2244
3023 2141
3024 2131
3025 2113
3026 2113
3027 2129
3028 2118
3029 2112
3030 2121
3031 2119
3032 2126
3033 2205
3034 2121
3035 2138
3036 2120
3037 2121
3038 2137
3039 2126
3040 2123
3041 2113
3042 2120
3043 2121
3044 2175
3045 2132
3046 2129
3047 2134
3048 2121
3049 2193
3050 2156
3051 2078
3052 2116
3053 2072
3054 2107
3055 2160
3056 2083
3057 2110
3058 2081
3059 2082
3060 2312
3061 2086
3062 2140
3063 2088
3064 2106
3065 2088
3066 2165
3067 2130
3068 2093
3069 2097
3070 2092
3071 2166
3072 2096
3073 2138
3074 2222
3075 2099
3076 2139
3077 2099
3078 2104
3079 2112
3080 2105
3081 2175
3082 2153
3083 2099
3084 2277
3085 2098
3086 2098
3087 2188
3088 2176
3089 2162
3090 2105
3091 2132
3092 2133
3093 2208
3094 2101
3095 2113
3096 2111
3097 2111
3098 2268
3099 2108
3100 2108
3101 2182
3102 2180
3103 2113
3104 2153
3105 2165
3106 2115
3107 2116
3108 2195
3109 2196
3110 2137
3111 2119
3112 2189
3113 2123
3114 2162
3115 2161
3116 2118
3117 2157
3118 2196
3119 2124
3120 2257
3121 2124
3122 2130
3123 2132
3124 2166
3125 2343
3126 2127
3127 2133
3128 2134
3129 2129
3130 2221
3131 2124
3132 2225
3133 2175
3134 2180
3135 2298
3136 2198
3137 2134
3138 2166
3139 2133
3140 2145
3141 2222
3142 2210
3143 2252
3144 2195
3145 2230
3146 2144
3147 2209
3148 2141
3149 2149
3150 2164
3151 2146
3152 2276
3153 2145
3154 2165
3155 2248
3156 2145
3157 2206
3158 2154
3159 2183
3160 2196
3161 2152
3162 2313
3163 2150
3164 2149
3165 2224
3166 2161
3167 2211
3168 2153
3169 2163
3170 2176
3171 2155
3172 2240
3173 2217
3174 2155
3175 2401
3176 2158
3177 2179
3178 2201
3179 2211
3180 2243
3181 2166
3182 2263
3183 2278
3184 2167
3185 2200
3186 2232
3187 2210
3188 2263
3189 2162
3190 2222
3191 2170
3192 2166
3193 2247
3194 2176
3195 2279
3196 2209
3197 2166
3198 2216
3199 2179
3200 2182
3201 2179
3202 2173
3203 2219
3204 2623
3205 2259
3206 2180
3207 2181
3208 2184
3209 2252
3210 2199
3211 2181
3212 2222
3213 2188
3214 2316
3215 2185
3216 2186
3217 2181
3218 2282
3219 2274
3220 2185
3221 2262
3222 2223
3223 2188
3224 2188
3225 2258
3226 2192
3227 2188
3228 2349
3229 2192
3230 2194
3231 2204
3232 2195
3233 2195
3234 2190
3235 2330
3236 2232
3237 2246
3238 2235
3239 2224
3240 2320
3241 2276
3242 2203
3243 2200
3244 2283
3245 2210
3246 2205
3247 2239
3248 2245
3249 2215
3250 2205
3251 2199
3252 2209
3253 2209
3254 2209
3255 2280
3256 2208
3257 2208
3258 2242
3259 2254
3260 2314
3261 2215
3262 2219
3263 2210
3264 2275
3265 2337
3266 2225
3267 2358
3268 2225
3269 2305
3270 2341
3271 2217
3272 2213
3273 2221
3274 2222
3275 2265
3276 2228
3277 2260
3278 2283
3279 2226
3280 2296
3281 2226
3282 2231
3283 2262
3284 2231
3285 2229
3286 2268
3287 2234
3288 2240
3289 2241
3290 2309
3291 2234
3292 2232
3293 2273
3294 2235
3295 2270
3296 2400
3297 2269
3298 2244
3299 2273
3300 2241
3301 2302
3302 2238
3303 2279
3304 2247
3305 2239
3306 2395
3307 2259
3308 2251
3309 2384
3310 2251
3311 2439
3312 2358
3313 2254
3314 2260
3315 2318
3316 2293
3317 2261
3318 2249
3319 2289
3320 2243
3321 2292
3322 2255
3323 2293
3324 2240
3325 2436
3326 2258
3327 2254
3328 2298
3329 2261
3330 2314
3331 2288
3332 2264
3333 2254
3334 2268
3335 2340
3336 2320
3337 2278
3338 2331
3339 2269
3340 2336
3341 2374
3342 2268
3343 2314
3344 2349
3345 2566
3346 2311
3347 2448
3348 2369
3349 2332
3350 2411
3351 2282
3352 2293
3353 2320
3354 2390
3355 2319
3356 2287
3357 2285
3358 2283
3359 2343
3360 2310
3361 2284
3362 2295
3363 2418
3364 2364
3365 2283
3366 2358
3367 2287
3368 2288
3369 2486
3370 2287
3371 2287
3372 2398
3373 2286
3374 2305
3375 2400
3376 2387
3377 2287
3378 2293
3379 2325
3380 2331
3381 2289
3382 2292
3383 2305
3384 2292
3385 2389
3386 2294
3387 2303
3388 2424
3389 2295
3390 2295
3391 2395
3392 2302
3393 2295
3394 2415
3395 2305
3396 2303
3397 2434
3398 2298
3399 2368
3400 2313
3401 2310
3402 2350
3403 2301
3404 2425
3405 2347
3406 2305
3407 2383
3408 2315
3409 2407
3410 2310
3411 2308
3412 2306
3413 2412
3414 2315
3415 2312
3416 2432
3417 2313
3418 2309
3419 2353
3420 2316
3421 2325
3422 2401
3423 2317
3424 2317
3425 2361
3426 2409
3427 2319
3428 2318
3429 2351
3430 2340
3431 2336
3432 2338
3433 2335
3434 2337
3435 2372
3436 2333
3437 2328
3438 2408
3439 2358
3440 2331
3441 2409
3442 2350
3443 2411
3444 2474
3445 2343
3446 2341
3447 2376
3448 2516
3449 2337
3450 2474
3451 2334
3452 2336
3453 2487
3454 2372
3455 2340
3456 2424
3457 2340
3458 2644
3459 2441
3460 2410
3461 2340
3462 2436
3463 2440
3464 2347
3465 2449
3466 2351
3467 2401
3468 2411
3469 2348
3470 2385
3471 2348
3472 2441
3473 2349
3474 2354
3475 2356
3476 2360
3477 2421
3478 2357
3479 2360
3480 2424
3481 2360
3482 2356
3483 2357
3484 2357
3485 2370
3486 2354
3487 2364
3488 2359
3489 2392
3490 2401
3491 2367
3492 2360
3493 2430
3494 2374
3495 2364
3496 2530
3497 2370
3498 2406
3499 2478
3500 2373
3501 2443
3502 2430
3503 2368
3504 2368
3505 2411
3506 2442
3507 2413
3508 2443
3509 2378
3510 2366
3511 2797
3512 2419
3513 2443
3514 2460
3515 2573
3516 2388
3517 2445
3518 2374
3519 2385
3520 2776
3521 2403
3522 2384
3523 2441
3524 2387
3525 2505
3526 2481
3527 2383
3528 2385
3529 2527
3530 2426
3531 2441
3532 2444
3533 2442
3534 2539
3535 2487
3536 2447
3537 2446
3538 2447
3539 2540
3540 2446
3541 2451
3542 2460
3543 2453
3544 2456
3545 2451
3546 2452
3547 2453
3548 2517
3549 2454
3550 2461
3551 2458
3552 2459
3553 2462
3554 2469
3555 2463
3556 2469
3557 2527
3558 2471
3559 2462
3560 2447
3561 2489
3562 2467
3563 2409
3564 2531
3565 2403
3566 2428
3567 2531
3568 2424
3569 2408
3570 2504
3571 2472
3572 2443
3573 2554
3574 2415
3575 2502
3576 2557
3577 2424
3578 2481
3579 2496
3580 2398
3581 2589
3582 2489
3583 2442
3584 2417
3585 2535
3586 2427
3587 2428
3588 2464
3589 2426
3590 2458
3591 2509
3592 2428
3593 2442
3594 2522
3595 2541
3596 2426
3597 2555
3598 2464
3599 2463
3600 2637
3601 2426
3602 2429
3603 2463
3604 2426
3605 2435
3606 2507
3607 2436
3608 2434
3609 2636
3610 2457
3611 2437
3612 2525
3613 2447
3614 2531
3615 2518
3616 2450
3617 2448
3618 2517
3619 2459
3620 2446
3621 2508
3622 2496
3623 2546
3624 2451
3625 2480
3626 2457
3627 2455
3628 2510
3629 2507
3630 2454
3631 2483
3632 2643
3633 2448
3634 2457
3635 2485
3636 2451
3637 2511
3638 2914
3639 2466
3640 2484
3641 2558
3642 2610
3643 2453
3644 2450
3645 2497
3646 2463
3647 2589
3648 2486
3649 2529
3650 2567
3651 2584
3652 2521
3653 2525
3654 2534
3655 2517
3656 2619
3657 2527
3658 2526
3659 2523
3660 2622
3661 2541
3662 2528
3663 2545
3664 2623
3665 2661
3666 2524
3667 2535
3668 2537
3669 2604
3670 2544
3671 2539
3672 2533
3673 2537
3674 2583
3675 2549
3676 2536
3677 2537
3678 2596
3679 2535
3680 2556
3681 2542
3682 2543
3683 2572
3684 2548
3685 2542
3686 2546
3687 2549
3688 2549
3689 2537
3690 2549
3691 2549
3692 2620
3693 2549
3694 2562
3695 2552
3696 2555
3697 2570
3698 2549
3699 2548
3700 2548
3701 2604
3702 2556
3703 2565
3704 2564
3705 2557
3706 2582
3707 2581
3708 2510
3709 2497
3710 2687
3711 2498
3712 2500
3713 2626
3714 2516
3715 2584
3716 2611
3717 2502
3718 2505
3719 2607
3720 2543
3721 2554
3722 2511
3723 2531
3724 2661
3725 2516
3726 2514
3727 2618
3728 2592
3729 2503
3730 2576
3731 2515
3732 2517
3733 2748
3734 2541
3735 2572
3736 2622
3737 2571
3738 2577
3739 2577
3740 2594
3741 2594
3742 2623
3743 2586
3744 2583
3745 2586
3746 2588
3747 2973
3748 2620
3749 2589
3750 2607
3751 2647
3752 2604
3753 2601
3754 2595
3755 2679
3756 2593
3757 2619
3758 2613
3759 2605
3760 2654
3761 2636
3762 2597
3763 2538
3764 2609
3765 2552
3766 2544
3767 2623
3768 2549
3769 2607
3770 2545
3771 2549
3772 2553
3773 2583
3774 2555
3775 2591
3776 2547
3777 2552
3778 2627
3779 2550
3780 2555
3781 2594
3782 2630
3783 2602
3784 2581
3785 2554
3786 2591
3787 2627
3788 2555
3789 2634
3790 2630
3791 2607
3792 2598
3793 2554
3794 2767
3795 3922
3796 2573
3797 2755
3798 2565
3799 2608
3800 2830
3801 3900
3802 2898
3803 2606
3804 2921
3805 2712
3806 2656
3807 3170
3808 3384
3809 3324
3810 2707
3811 2637
3812 2689
3813 2568
3814 2571
3815 3001
3816 2850
3817 2693
3818 2696
3819 2792
3820 2728
3821 2707
3822 3416
3823 2803
3824 2801
3825 2736
3826 2707
3827 2737
3828 2727
3829 2917
3830 2711
3831 2760
3832 2747
3833 2705
3834 2704
3835 2757
3836 2717
3837 2726
3838 2710
3839 2710
3840 2710
3841 2731
3842 2712
3843 2656
3844 2813
3845 2666
3846 2648
3847 2643
3848 2654
3849 2655
3850 2653
3851 2655
3852 2667
3853 2656
3854 2650
3855 2652
3856 2657
3857 2777
3858 2661
3859 2668
3860 2702
3861 2868
3862 2798
3863 2766
3864 2707
3865 2895
3866 2667
3867 2673
3868 2670
3869 2790
3870 2709
3871 2666
3872 2676
3873 2673
3874 2698
3875 2672
3876 2672
3877 2700
3878 2734
3879 2707
3880 2677
3881 2684
3882 2793
3883 2687
3884 2688
3885 2714
3886 2767
3887 2761
3888 2687
3889 2718
3890 2755
3891 2694
3892 2726
3893 2686
3894 2693
3895 2702
3896 2722
3897 2686
3898 2756
3899 2773
3900 2729
3901 2682
3902 2688
3903 2819
3904 2696
3905 2688
3906 2683
3907 2686
3908 2697
3909 2690
3910 2691
3911 2737
3912 2798
3913 2692
3914 2693
3915 2694
3916 2955
3917 2699
3918 2739
3919 2733
3920 2764
3921 2693
3922 2705
3923 2696
3924 2696
3925 2715
3926 2714
3927 2703
3928 2711
3929 2741
3930 2710
3931 2708
3932 2700
3933 2825
3934 2798
3935 2707
3936 2744
3937 2809
3938 2857
3939 2703
3940 2720
3941 2712
3942 2727
3943 2818
3944 2773
3945 2715
3946 2722
3947 2707
3948 2726
3949 2697
3950 2852
3951 2727
3952 2717
3953 2726
3954 2818
3955 2727
3956 2868
3957 2728
3958 2941
3959 2732
3960 2727
3961 2730
3962 2775
3963 2794
3964 2730
3965 2775
3966 2740
3967 2731
3968 2732
3969 2725
3970 2728
3971 2734
3972 2735
3973 2733
3974 2725
3975 2875
3976 2776
3977 2734
3978 2731
3979 2797
3980 2759
3981 2738
3982 2743
3983 2886
3984 2745
3985 2743
3986 2735
3987 2737
3988 2743
3989 2753
3990 2746
3991 2748
3992 2817
3993 2747
3994 2746
3995 2753
3996 2822
3997 2748
3998 2796
3999 2753
4000 2863
4001 2757
4002 2758
4003 2696
4004 2964
4005 2808
4006 2686
4007 2744
4008 2692
4009 2761
4010 2694
4011 2689
4012 2904
4013 2801
4014 2690
4015 2735
4016 2699
4017 2892
4018 2701
4019 2700
4020 2829
4021 2795
4022 2703
4023 2699
4024 2699
4025 2855
4026 2704
4027 2729
4028 2805
4029 2845
4030 2703
4031 2700
4032 2711
4033 2809
4034 2703
4035 2744
4036 2782
4037 2719
4038 2755
4039 2711
4040 2706
4041 2805
4042 2815
4043 2705
4044 2813
4045 2765
4046 2784
4047 2713
4048 2759
4049 2878
4050 2783
4051 2721
4052 2816
4053 2733
4054 2718
4055 2756
4056 2782
4057 2787
4058 2788
4059 2784
4060 2788
4061 2798
4062 2785
4063 2863
4064 2846
4065 2790
4066 2787
4067 2892
4068 2795
4069 2795
4070 2800
4071 3170
4072 3074
4073 3028
4074 2866
4075 2922
4076 2867
4077 2804
4078 2806
4079 2889
4080 2849
4081 2793
4082 2800
4083 2860
4084 2814
4085 2807
4086 2806
4087 2871
4088 2804
4089 2853
4090 3335
4091 3021
4092 2824
4093 2819
4094 3200
4095 3034
4096 2812
4097 2817
4098 2820
4099 2895
4100 2892
4101 2817
4102 2813
4103 2889
4104 2817
4105 2818
4106 2821
4107 2900
4108 2815
4109 2813
4110 2822
4111 2853
4112 2819
4113 2823
4114 2834
4115 2878
4116 2824
4117 2818
4118 2828
4119 2892
4120 2825
4121 2833
4122 2833
4123 2939
4124 2831
4125 2827
4126 2833
4127 2833
4128 2884
4129 2841
4130 2855
4131 2881
4132 2851
4133 2776
4134 2891
4135 2808
4136 2862
4137 2779
4138 2870
4139 2872
4140 2846
4141 3071
4142 2782
4143 2835
4144 2886
4145 2787
4146 3484
4147 3605
4148 2811
4149 2788
4150 2775
4151 2937
4152 2783
4153 2784
4154 2909
4155 2787
4156 2837
4157 2822
4158 2868
4159 2888
4160 2899
4161 2856
4162 2863
4163 3322
4164 3414
4165 2890
4166 2865
4167 2861
4168 2859
4169 2868
4170 2862
4171 2857
4172 2861
4173 2861
4174 2873
4175 2876
4176 2867
4177 2871
4178 2864
4179 2910
4180 2865
4181 2865
4182 2877
4183 2890
4184 2882
4185 2876
4186 2873
4187 2875
4188 2880
4189 2873
4190 2878
4191 2952
4192 2919
4193 2931
4194 2888
4195 2913
4196 2890
4197 2876
4198 2892
4199 2951
4200 2887
4201 2875
4202 2885
4203 3025
4204 2886
4205 2888
4206 2890
4207 2998
4208 2894
4209 2934
4210 2824
4211 3039
4212 3098
4213 2844
4214 2865
4215 2830
4216 2857
4217 2990
4218 2946
4219 2808
4220 2833
4221 2833
4222 3000
4223 2835
4224 2840
4225 2838
4226 2944
4227 2912
4228 3047
4229 2841
4230 3211
4231 3010
4232 3026
4233 3059
4234 3036
4235 2910
4236 2913
4237 2950
4238 2975
4239 2968
4240 2904
4241 2922
4242 2984
4243 2926
4244 2916
4245 2914
4246 2922
4247 2914
4248 2915
4249 2918
4250 2921
4251 2920
4252 2963
4253 2988
4254 2917
4255 2925
4256 2925
4257 2991
4258 2889
4259 2953
4260 2859
4261 2947
4262 2860
4263 2863
4264 2997
4265 2942
4266 2875
4267 2905
4268 2865
4269 3127
4270 2860
4271 2898
4272 2891
4273 2981
4274 2930
4275 2858
4276 2928
4277 3030
4278 2875
4279 2947
4280 2874
4281 2945
4282 2911
4283 2880
4284 2914
4285 2966
4286 2872
4287 2989
4288 2887
4289 3087
4290 2876
4291 3001
4292 2961
4293 2954
4294 2982
4295 2928
4296 2885
4297 3066
4298 2877
4299 2889
4300 2886
4301 2929
4302 2993
4303 2903
4304 3013
4305 2860
4306 2887
4307 2883
4308 2921
4309 3003
4310 2915
4311 2884
4312 2896
4313 2894
4314 3014
4315 2887
4316 2892
4317 3002
4318 2982
4319 2936
4320 2939
4321 2941
4322 2908
4323 2896
4324 3018
4325 2915
4326 2898
4327 3118
4328 3098
4329 3033
4330 2899
4331 2934
4332 3015
4333 2983
4334 3017
4335 3014
4336 2980
4337 2981
4338 2980
4339 3060
4340 3004
4341 3244
4342 2989
4343 2988
4344 2987
4345 2988
4346 3109
4347 3089
4348 2989
4349 2991
4350 3033
4351 3020
4352 2991
4353 2994
4354 3030
4355 2994
4356 3027
4357 2952
4358 3149
4359 2937
4360 2935
4361 3042
4362 3034
4363 3094
4364 2974
4365 2939
4366 3022
4367 2936
4368 3014
4369 2955
4370 3004
4371 2938
4372 2940
4373 2984
4374 2939
4375 2981
4376 2944
4377 3016
4378 3030
4379 2948
4380 3020
4381 2973
4382 2975
4383 2945
4384 2954
4385 3288
4386 2941
4387 3005
4388 3131
4389 2952
4390 3075
4391 2959
4392 3054
4393 2950
4394 2964
4395 2973
4396 3044
4397 3036
4398 2974
4399 3000
4400 3043
4401 2955
4402 3048
4403 2954
4404 3020
4405 3192
4406 2961
4407 3057
4408 3025
4409 2990
4410 2961
4411 2986
4412 3084
4413 3133
4414 3100
4415 2960
4416 2975
4417 2997
4418 2964
4419 3358
4420 2986
4421 3107
4422 2970
4423 3039
4424 2983
4425 2971
4426 2999
4427 3049
4428 3091
4429 3018
4430 3047
4431 3073
4432 3037
4433 3046
4434 3129
4435 3047
4436 3054
4437 3041
4438 3290
4439 3061
4440 3091
4441 3059
4442 3118
4443 3075
4444 3066
4445 3058
4446 3133
4447 3361
4448 3060
4449 3317
4450 3073
4451 3505
4452 3122
4453 3381
4454 3101
4455 3143
4456 3064
4457 3172
4458 3091
4459 3148
4460 3366
4461 3232
4462 3228
4463 3136
4464 3329
4465 3178
4466 3321
4467 3448
4468 3442
4469 3078
4470 3290
4471 3451
4472 3416
4473 3688
4474 3363
4475 3353
4476 3669
4477 3978
4478 3666
4479 3265
4480 5377
4481 3745
4482 4140
4483 3367
4484 3814
4485 4164
4486 5226
4487 3666
4488 3805
4489 3493
4490 3417
4491 3742
4492 3421
4493 3560
4494 3687
4495 4234
4496 3367
4497 3428
4498 3191
4499 3368
4500 3636
4501 3491
4502 3178
4503 3768
4504 3371
4505 3207
4506 3524
4507 3172
4508 3562
4509 3206
4510 3542
4511 3504
4512 3460
4513 3598
4514 3423
4515 3424
4516 3340
4517 3267
4518 3698
4519 3532
4520 3579
4521 3238
4522 3399
4523 3437
4524 3189
4525 3418
4526 3210
4527 3537
4528 3204
4529 3629
4530 3552
4531 3227
4532 3486
4533 3390
4534 3479
4535 3286
4536 3370
4537 3371
4538 3210
4539 3412
4540 3221
4541 3840
4542 3292
4543 3713
4544 3951
4545 3363
4546 3577
4547 3627
4548 3284
4549 3847
4550 3282
4551 3314
4552 3496
4553 3245
4554 3567
4555 3288
4556 3748
4557 3409
4558 3251
4559 3732
4560 3230
4561 3498
4562 3654
4563 3815
4564 4492
4565 3419
4566 3337
4567 3948
4568 3347
4569 4221
4570 3635
4571 3389
4572 4118
4573 3208
4574 3359
4575 3680
4576 3235
4577 3773
4578 3223
4579 3623
4580 3307
4581 3213
4582 3606
4583 3282
4584 3541
4585 3224
4586 3393
4587 3321
4588 3225
4589 3215
4590 3226
4591 3396
4592 3277
4593 3374
4594 3368
4595 3320
4596 3236
4597 3581
4598 3284
4599 3288
4600 3251
4601 3293
4602 3401
4603 3266
4604 3403
4605 3258
4606 3423
4607 3361
4608 3544
4609 3251
4610 3239
4611 3437
4612 3243
4613 3332
4614 3264
4615 3367
4616 3241
4617 3257
4618 3300
4619 3205
4620 3601
4621 3405
4622 3823
4623 3391
4624 3841
4625 3163
4626 3214
4627 3511
4628 3227
4629 3349
4630 3181
4631 3999
4632 3255
4633 3656
4634 3197
4635 3193
4636 3664
4637 3249
4638 3751
4639 3270
4640 3380
4641 3352
4642 3334
4643 3284
4644 3393
4645 3516
4646 3266
4647 3374
4648 3462
4649 3345
4650 3894
4651 4212
4652 4020
4653 4112
4654 3375
4655 3750
4656 3325
4657 3891
4658 3833
4659 3287
4660 3351
4661 3726
4662 3295
4663 3916
4664 3362
4665 3589
4666 4471
4667 3466
4668 3916
4669 3510
4670 3351
4671 3936
4672 3363
4673 3695
4674 3403
4675 3399
4676 3775
4677 3484
4678 3786
4679 3341
4680 3373
4681 3860
4682 3315
4683 3673
4684 3586
4685 3301
4686 3695
4687 3330
4688 3985
4689 3371
4690 3326
4691 3853
4692 3413
4693 4141
4694 4587
4695 3485
4696 3985
4697 3405
4698 3334
4699 3949
4700 3437
4701 3767
4702 3796
4703 3396
4704 3780
4705 3383
4706 3791
4707 4116
4708 3537
4709 4444
4710 4770
4711 5076
4712 3670
4713 4368
4714 4915
4715 4730
4716 3610
4717 3967
4718 4085
4719 4079
4720 3524
4721 3322
4722 3317
4723 3352
4724 3390
4725 3404
4726 3342
4727 3336
4728 3386
4729 3400
4730 3319
4731 3605
4732 3664
4733 3577
4734 3998
4735 3561
4736 3257
4737 3691
4738 3271
4739 3597
4740 3403
4741 3255
4742 3252
4743 3261
4744 3414
4745 3263
4746 3335
4747 3860
4748 3428
4749 3567
4750 3392
4751 3353
4752 3265
4753 3316
4754 3273
4755 3266
4756 3258
4757 3337
4758 3271
4759 3276
4760 3268
4761 3321
4762 3359
4763 3273
4764 3352
4765 3272
4766 3302
4767 3396
4768 3398
4769 3305
4770 3318
4771 3334
4772 3417
4773 3637
4774 3350
4775 3402
4776 3310
4777 3664
4778 3991
4779 3713
4780 3766
4781 4181
4782 3302
4783 3496
4784 3308
4785 3341
4786 3488
4787 3335
4788 4035
4789 3304
4790 3343
4791 3467
4792 3299
4793 3993
4794 3311
4795 3388
4796 3411
4797 3401
4798 3512
4799 3457
4800 3491
4801 3392
4802 3445
4803 3392
4804 3448
4805 3440
4806 3603
4807 3595
4808 3834
4809 3506
4810 3727
4811 3388
4812 3783
4813 3711
4814 3525
4815 3491
4816 3405
4817 3468
4818 3515
4819 3413
4820 3391
4821 3411
4822 3533
4823 3514
4824 3570
4825 3439
4826 3416
4827 3570
4828 3474
4829 3407
4830 3405
4831 3486
4832 3530
4833 3489
4834 3462
4835 3770
4836 3682
4837 3773
4838 3958
4839 3584
4840 3408
4841 3554
4842 3433
4843 3566
4844 3491
4845 3401
4846 3398
4847 3452
4848 3405
4849 3444
4850 3426
4851 3522
4852 3418
4853 3475
4854 3398
4855 3418
4856 3413
4857 3534
4858 3422
4859 3447
4860 3631
4861 3343
4862 3592
4863 3356
4864 4063
4865 3756
4866 3811
4867 3817
4868 3524
4869 3483
4870 3478
4871 3350
4872 3571
4873 3436
4874 3861
4875 3368
4876 3456
4877 3439
4878 3357
4879 3614
4880 3611
4881 3530
4882 3651
4883 3613
4884 3524
4885 3484
4886 3598
4887 3452
4888 3436
4889 3436
4890 3439
4891 3433
4892 3436
4893 3448
4894 3461
4895 3485
4896 3533
4897 3435
4898 3439
4899 3495
4900 3468
4901 3394
4902 3383
4903 3367
4904 3360
4905 3366
4906 3765
4907 3381
4908 3376
4909 3848
4910 3682
4911 3407
4912 3491
4913 3374
4914 3572
4915 3391
4916 3653
4917 3717
4918 3381
4919 3722
4920 3464
4921 3488
4922 3665
4923 3472
4924 3562
4925 3665
4926 3593
4927 3560
4928 3502
4929 3603
4930 3560
4931 3676
4932 3499
4933 3555
4934 4093
4935 3505
4936 3738
4937 3572
4938 3783
4939 3983
4940 4090
4941 3595
4942 3873
4943 3572
4944 3537
4945 3735
4946 3516
4947 3732
4948 3515
4949 3525
4950 3824
4951 3575
4952 3630
4953 5292
4954 3534
4955 3525
4956 3504
4957 3556
4958 3646
4959 3572
4960 3593
4961 3631
4962 3568
4963 3934
4964 3488
4965 3767
4966 3625
4967 3524
4968 3974
4969 3529
4970 3826
4971 3672
4972 3546
4973 3720
4974 3507
4975 3614
4976 4046
4977 3515
4978 3990
4979 3599
4980 3514
4981 3631
4982 3511
4983 3487
4984 3575
4985 3596
4986 3531
4987 3516
4988 3522
4989 3535
4990 3534
4991 3527
4992 3512
4993 3519
4994 3515
4995 3537
4996 3546
4997 3520
4998 3509
4999 3533
