0 140 520
1 180 140
2 170 110
3 140 100
4 140 100
5 130 90
6 140 100
7 220 100
8 160 150
9 170 100
10 130 90
11 140 100
12 200 100
13 150 100
14 150 90
15 150 90
16 150 90
17 160 110
18 160 100
19 160 90
20 150 100
21 150 100
22 180 100
23 170 100
24 170 90
25 190 90
26 190 100
27 170 100
28 230 110
29 180 100
30 190 100
31 180 100
32 220 100
33 190 100
34 170 100
35 190 100
36 180 90
37 180 100
38 200 90
39 180 100
40 180 90
41 180 100
42 190 100
43 180 100
44 170 100
45 220 110
46 200 100
47 190 90
48 180 100
49 200 90
50 200 100
51 210 100
52 200 100
53 210 110
54 200 100
55 170 100
56 250 100
57 200 100
58 200 100
59 1460 90
60 210 100
61 180 90
62 230 110
63 190 100
64 200 90
65 200 90
66 180 90
67 180 90
68 1470 90
69 200 90
70 200 100
71 200 90
72 210 100
73 220 90
74 270 110
75 380 110
76 1660 100
77 350 110
78 280 100
79 240 100
80 230 100
81 240 100
82 260 100
83 220 100
84 220 110
85 1430 110
86 230 100
87 340 110
88 230 90
89 230 100
90 220 100
91 220 90
92 280 100
93 260 110
94 230 90
95 240 100
96 230 100
97 240 90
98 250 100
99 240 90
100 240 90
101 230 90
102 240 100
103 250 100
104 250 90
105 300 100
106 310 110
107 260 100
108 320 110
109 280 110
110 250 100
111 260 100
112 260 90
113 420 100
114 390 110
115 330 110
116 430 130
117 380 110
118 690 100
119 370 100
120 280 100
121 260 90
122 260 80
123 260 100
124 260 100
125 250 90
126 290 90
127 260 90
128 250 90
129 260 80
130 250 90
131 260 90
132 270 90
133 260 100
134 270 90
135 270 90
136 260 90
137 280 90
138 260 90
139 280 90
140 270 90
141 270 90
142 280 90
143 280 100
144 290 90
145 290 100
146 340 120
147 290 90
148 310 110
149 300 110
150 320 1410
151 300 100
152 280 90
153 290 90
154 280 90
155 300 100
156 270 90
157 290 90
158 290 90
159 290 90
160 290 100
161 300 100
162 290 90
163 300 90
164 300 90
165 310 90
166 300 90
167 300 90
168 290 100
169 300 90
170 290 90
171 320 90
172 310 90
173 340 90
174 320 90
175 300 100
176 1890 100
177 440 110
178 330 100
179 330 90
180 340 90
181 300 100
182 300 90
183 300 90
184 310 90
185 320 90
186 350 100
187 340 90
188 330 90
189 310 90
190 340 100
191 430 120
192 450 110
193 370 110
194 340 130
195 510 110
196 350 100
197 360 100
198 350 90
199 330 100
200 340 100
201 340 100
202 380 100
203 450 110
204 360 100
205 400 100
206 350 100
207 380 90
208 380 90
209 340 100
210 410 110
211 1170 110
212 590 120
213 1890 110
214 370 100
215 2930 110
216 360 100
217 420 100
218 360 90
219 360 90
220 1730 110
221 410 110
222 420 100
223 350 90
224 350 90
225 360 100
226 400 100
227 1850 110
228 390 100
229 380 90
230 370 100
231 400 110
232 360 90
233 360 100
234 390 100
235 420 110
236 390 100
237 380 100
238 380 100
239 490 100
240 400 100
241 430 110
242 410 100
243 390 100
244 390 100
245 390 100
246 390 110
247 990 100
248 390 100
249 410 100
250 410 100
251 390 100
252 410 100
253 400 100
254 410 110
255 390 90
256 550 120
257 430 100
258 420 100
259 420 110
260 410 100
261 410 100
262 410 100
263 400 100
264 390 100
265 420 100
266 430 100
267 440 110
268 450 110
269 430 100
270 430 110
271 1420 100
272 430 100
273 1060 90
274 410 90
275 420 110
276 430 100
277 420 100
278 440 100
279 420 100
280 430 110
281 430 110
282 430 110
283 450 100
284 450 100
285 410 100
286 430 110
287 440 100
288 440 110
289 450 100
290 450 100
291 1060 100
292 440 90
293 440 100
294 450 100
295 460 110
296 450 100
297 460 100
298 470 100
299 470 110
300 450 100
301 440 100
302 450 110
303 450 100
304 460 100
305 470 100
306 450 100
307 460 100
308 460 100
309 470 100
310 460 100
311 470 100
312 470 100
313 470 100
314 490 100
315 490 100
316 500 100
317 480 100
318 470 110
319 500 100
320 460 100
321 470 100
322 490 100
323 1210 100
324 490 100
325 500 100
326 510 100
327 480 100
328 490 100
329 500 100
330 490 100
331 480 100
332 490 100
333 490 100
334 1120 100
335 1140 90
336 1110 100
337 1130 100
338 520 100
339 530 100
340 520 100
341 490 100
342 500 100
343 520 110
344 520 110
345 530 100
346 530 100
347 530 110
348 500 100
349 510 100
350 520 100
351 530 110
352 510 110
353 520 110
354 530 100
355 530 110
356 1150 100
357 560 110
358 540 100
359 1060 100
360 540 100
361 520 90
362 510 100
363 530 100
364 530 100
365 520 100
366 530 100
367 550 110
368 560 100
369 530 100
370 540 110
371 550 100
372 530 110
373 520 100
374 530 100
375 550 110
376 530 100
377 540 110
378 540 100
379 530 100
380 540 110
381 550 100
382 530 100
383 540 100
384 540 100
385 580 110
386 580 100
387 580 100
388 550 110
389 580 110
390 550 100
391 560 100
392 550 100
393 550 110
394 670 120
395 560 120
396 580 100
397 580 100
398 690 120
399 570 120
400 570 100
401 570 100
402 600 100
403 580 110
404 580 100
405 560 100
406 620 100
407 1220 100
408 620 100
409 580 260
410 580 100
411 600 110
412 580 110
413 590 100
414 580 100
415 590 110
416 590 110
417 780 130
418 660 130
419 610 110
420 580 110
421 570 100
422 580 110
423 590 100
424 600 110
425 590 100
426 590 100
427 600 110
428 590 100
429 590 100
430 580 100
431 580 100
432 760 120
433 610 100
434 610 100
435 590 120
436 610 110
437 760 130
438 620 110
439 630 110
440 620 120
441 600 110
442 610 110
443 590 110
444 590 110
445 600 110
446 590 110
447 600 100
448 610 100
449 630 100
450 620 100
451 610 110
452 600 100
453 620 110
454 610 100
455 610 100
456 730 120
457 610 110
458 610 100
459 620 110
460 620 110
461 620 110
462 630 100
463 630 110
464 640 100
465 650 100
466 820 110
467 650 100
468 630 100
469 630 110
470 640 110
471 630 100
472 640 100
473 630 100
474 690 110
475 780 110
476 680 120
477 650 100
478 660 110
479 640 90
480 660 100
481 660 100
482 630 120
483 630 110
484 770 120
485 650 110
486 650 100
487 650 110
488 660 110
489 650 100
490 650 110
491 650 110
492 720 120
493 800 120
494 670 110
495 650 110
496 650 100
497 650 110
498 790 120
499 700 110
500 690 110
501 670 110
502 680 110
503 680 110
504 680 110
505 680 100
506 670 110
507 670 110
508 670 110
509 740 120
510 690 100
511 690 110
512 690 110
513 690 110
514 1190 110
515 670 100
516 680 110
517 680 110
518 670 100
519 670 110
520 670 100
521 670 100
522 700 100
523 680 100
524 680 110
525 830 120
526 800 110
527 670 110
528 670 100
529 680 110
530 800 120
531 690 100
532 690 100
533 690 100
534 700 110
535 690 110
536 680 100
537 690 110
538 690 100
539 700 100
540 690 110
541 930 150
542 810 120
543 770 120
544 750 120
545 720 120
546 690 110
547 720 110
548 710 110
549 700 110
550 690 100
551 700 110
552 700 110
553 690 100
554 700 100
555 770 110
556 860 130
557 810 110
558 710 110
559 710 110
560 730 100
561 710 110
562 700 110
563 710 100
564 720 110
565 710 100
566 1260 110
567 710 110
568 730 100
569 720 100
570 730 100
571 830 140
572 840 120
573 810 120
574 760 110
575 730 110
576 770 110
577 760 120
578 740 110
579 730 110
580 730 110
581 730 100
582 720 110
583 720 100
584 830 130
585 870 130
586 820 120
587 760 120
588 750 100
589 740 100
590 740 100
591 730 110
592 730 100
593 740 110
594 720 100
595 760 110
596 750 100
597 750 100
598 760 110
599 820 110
600 820 120
601 750 100
602 740 110
603 750 100
604 760 110
605 750 100
606 740 110
607 760 110
608 750 110
609 760 110
610 890 130
611 780 120
612 800 120
613 920 120
614 760 110
615 760 100
616 760 110
617 780 110
618 780 110
619 760 110
620 760 100
621 770 110
622 770 100
623 770 100
624 780 110
625 750 110
626 770 110
627 900 130
628 760 110
629 760 110
630 760 100
631 760 100
632 770 100
633 760 90
634 790 100
635 790 100
636 920 120
637 790 110
638 790 100
639 790 100
640 960 130
641 790 120
642 780 120
643 780 100
644 800 110
645 810 120
646 810 110
647 810 110
648 800 100
649 810 100
650 800 110
651 800 100
652 810 110
653 1030 130
654 840 110
655 870 130
656 830 120
657 820 110
658 860 110
659 820 100
660 830 100
661 910 120
662 820 110
663 850 120
664 830 110
665 950 140
666 830 110
667 810 100
668 830 110
669 830 100
670 840 110
671 830 110
672 830 100
673 830 110
674 830 110
675 840 110
676 820 100
677 820 110
678 960 130
679 840 120
680 840 110
681 830 100
682 840 120
683 840 100
684 990 120
685 970 130
686 1080 150
687 1170 150
688 1000 130
689 970 130
690 880 110
691 880 100
692 860 120
693 870 110
694 860 100
695 850 110
696 850 110
697 830 110
698 1000 150
699 840 100
700 1030 140
701 830 120
702 830 100
703 860 120
704 860 110
705 970 130
706 890 120
707 840 110
708 830 110
709 2340 140
710 870 130
711 870 110
712 860 100
713 850 110
714 890 100
715 900 110
716 1420 110
717 880 100
718 870 110
719 860 110
720 880 110
721 1050 140
722 870 110
723 860 100
724 850 110
725 880 110
726 950 120
727 930 110
728 920 120
729 920 110
730 880 110
731 970 130
732 940 120
733 910 110
734 880 110
735 880 110
736 960 110
737 920 120
738 890 110
739 900 120
740 890 110
741 920 110
742 1100 150
743 900 130
744 3250 130
745 930 110
746 910 110
747 960 130
748 1580 110
749 920 250
750 920 120
751 880 110
752 1070 130
753 970 110
754 900 110
755 930 120
756 920 110
757 900 110
758 900 120
759 920 110
760 890 100
761 890 100
762 890 100
763 1070 1430
764 1000 130
765 1040 120
766 920 120
767 910 110
768 890 130
769 910 100
770 1510 110
771 930 110
772 910 110
773 930 1420
774 1070 130
775 910 110
776 930 120
777 2190 100
778 930 100
779 910 110
780 920 100
781 930 110
782 950 100
783 920 110
784 1160 130
785 1110 130
786 920 120
787 910 110
788 930 110
789 920 110
790 940 110
791 920 100
792 960 110
793 950 110
794 990 110
795 1060 120
796 980 120
797 950 120
798 950 100
799 920 100
800 940 110
801 940 100
802 930 110
803 930 110
804 2350 110
805 1110 140
806 940 110
807 940 120
808 980 120
809 970 110
810 1000 120
811 1000 110
812 990 110
813 970 110
814 1000 120
815 1040 130
816 1010 110
817 980 120
818 990 110
819 990 100
820 1010 110
821 970 120
822 980 110
823 1010 120
824 1010 110
825 1200 130
826 1020 120
827 1000 120
828 1020 120
829 1020 120
830 1010 110
831 980 110
832 1000 110
833 990 110
834 1030 130
835 1180 130
836 1010 130
837 1010 120
838 1010 110
839 1010 120
840 2180 120
841 1020 110
842 1080 130
843 1010 110
844 1100 130
845 1100 120
846 1040 120
847 1030 120
848 1020 120
849 1030 120
850 1030 110
851 1030 100
852 1020 120
853 1050 110
854 1280 150
855 1130 130
856 1100 130
857 1070 130
858 1050 120
859 1040 100
860 1130 130
861 1030 130
862 1040 130
863 1120 140
864 1060 120
865 1030 120
866 1040 110
867 1040 110
868 1030 120
869 1060 110
870 1040 110
871 1050 110
872 1340 140
873 1090 130
874 1050 120
875 1050 110
876 1590 120
877 1060 110
878 1140 130
879 1070 120
880 1070 120
881 1110 130
882 1090 110
883 1050 110
884 1050 110
885 1050 110
886 1070 120
887 1060 110
888 1070 100
889 1060 120
890 1210 130
891 1210 140
892 1090 120
893 1080 110
894 1070 120
895 1090 120
896 1070 110
897 1060 120
898 1070 110
899 1070 120
900 1290 140
901 1170 130
902 1100 130
903 1080 110
904 1070 110
905 1100 120
906 1110 110
907 1090 110
908 1160 130
909 1200 130
910 1100 120
911 1070 120
912 1080 110
913 1180 120
914 1110 130
915 1130 130
916 1110 110
917 1290 130
918 1120 130
919 1120 120
920 1070 110
921 1070 110
922 1070 110
923 1050 110
924 1060 110
925 1070 100
926 1340 150
927 1130 120
928 1180 130
929 1080 120
930 1070 110
931 1060 120
932 1060 100
933 1090 120
934 1080 110
935 1320 160
936 1420 160
937 1800 150
938 1070 110
939 1070 120
940 1070 110
941 1100 120
942 1450 160
943 1400 150
944 2640 150
945 2280 140
946 1110 130
947 1100 120
948 1110 100
949 1280 130
950 1190 130
951 1110 110
952 2280 120
953 1100 110
954 1170 120
955 1110 110
956 1110 110
957 1100 110
958 1350 130
959 1110 110
960 1100 120
961 1130 120
962 1120 120
963 1130 110
964 1130 110
965 1140 110
966 1280 130
967 1140 130
968 1130 120
969 1130 120
970 1390 130
971 1960 120
972 1320 110
973 1150 120
974 1400 140
975 1150 130
976 1140 120
977 1150 120
978 1120 120
979 1110 110
980 1120 120
981 1130 120
982 1320 140
983 1180 120
984 1150 120
985 1160 110
986 1140 120
987 1130 120
988 1150 120
989 1220 120
990 1270 130
991 1170 130
992 1140 120
993 1170 120
994 1150 120
995 2500 120
996 1160 110
997 3990 130
998 1260 120
999 1160 120
1000 1150 110
1001 1140 110
1002 1150 120
1003 1180 110
1004 1170 110
1005 1200 130
1006 1280 140
1007 1170 130
1008 1180 120
1009 1160 120
1010 1180 110
1011 1150 110
1012 1170 120
1013 1240 130
1014 1180 110
1015 1160 110
1016 1310 120
1017 1200 130
1018 1190 110
1019 1220 120
1020 1200 120
1021 2700 140
1022 1230 130
1023 1200 120
1024 1210 130
1025 1200 120
1026 1220 120
1027 1210 110
1028 2610 150
1029 1460 160
1030 1230 180
1031 1210 110
1032 1250 140
1033 1230 130
1034 1240 110
1035 1230 110
1036 1430 160
1037 1320 130
1038 1250 130
1039 1460 150
1040 1270 130
1041 1780 140
1042 1230 130
1043 1440 150
1044 1210 120
1045 1240 120
1046 1220 130
1047 1240 130
1048 1270 130
1049 1230 120
1050 1220 120
1051 1400 140
1052 1250 130
1053 1250 120
1054 1250 120
1055 1250 120
1056 1240 110
1057 1450 130
1058 1430 150
1059 1340 130
1060 1260 140
1061 1330 140
1062 1330 130
1063 1280 130
1064 1370 130
1065 1410 150
1066 1270 130
1067 1250 130
1068 1290 120
1069 1260 120
1070 1250 120
1071 1250 120
1072 1520 190
1073 1320 130
1074 1390 140
1075 1370 180
1076 1510 150
1077 1400 140
1078 1490 150
1079 1420 150
1080 2060 130
1081 1260 120
1082 1240 130
1083 1250 130
1084 1260 120
1085 1380 140
1086 1370 130
1087 1240 120
1088 1280 130
1089 1260 120
1090 1310 130
1091 1260 120
1092 1250 120
1093 1440 130
1094 1320 130
1095 1280 110
1096 1260 130
1097 1230 120
1098 1400 140
1099 1490 150
1100 1460 150
1101 1300 130
1102 1270 120
1103 1280 120
1104 1810 130
1105 1260 120
1106 1280 110
1107 1440 140
1108 1320 120
1109 1470 120
1110 1380 120
1111 1280 120
1112 1290 120
1113 1280 120
1114 1810 130
1115 1300 130
1116 1290 120
1117 1290 120
1118 1280 130
1119 1300 120
1120 1420 130
1121 1460 130
1122 1330 140
1123 1400 130
1124 1330 130
1125 1310 130
1126 1350 130
1127 1510 140
1128 1420 140
1129 1350 140
1130 1330 120
1131 1330 130
1132 1300 130
1133 1290 120
1134 1360 140
1135 1410 120
1136 1400 130
1137 1320 120
1138 1310 120
1139 1310 120
1140 1320 110
1141 1490 140
1142 1340 120
1143 1330 130
1144 1320 120
1145 1330 110
1146 1300 120
1147 1300 120
1148 1530 160
1149 1400 130
1150 2690 140
1151 1340 130
1152 1320 120
1153 1340 120
1154 1520 160
1155 1340 130
1156 1340 130
1157 1340 120
1158 1320 120
1159 1320 120
1160 1350 120
1161 1550 140
1162 1320 140
1163 1350 130
1164 1350 120
1165 1350 120
1166 1350 120
1167 1340 120
1168 1720 140
1169 1330 130
1170 1910 130
1171 1380 110
1172 1350 120
1173 1460 120
1174 1580 140
1175 1370 120
1176 1380 130
1177 1380 130
1178 1370 130
1179 1380 120
1180 1350 120
1181 1520 140
1182 1380 130
1183 1380 110
1184 1390 120
1185 1450 840
1186 1410 130
1187 1350 120
1188 1420 130
1189 1330 130
1190 1350 130
1191 1350 130
1192 1340 120
1193 1360 120
1194 1550 130
1195 1330 120
1196 1370 130
1197 1340 120
1198 1390 130
1199 1360 120
1200 1360 120
1201 1470 140
1202 1550 130
1203 1370 120
1204 1370 130
1205 1350 130
1206 1340 130
1207 1560 140
1208 1370 120
1209 1370 120
1210 1460 150
1211 1500 150
1212 1420 130
1213 1640 160
1214 1420 140
1215 1390 120
1216 1440 110
1217 1430 140
1218 1400 120
1219 1360 120
1220 1590 150
1221 1380 120
1222 1710 130
1223 1390 120
1224 1380 120
1225 1360 120
1226 1560 140
1227 1410 140
1228 2720 140
1229 1360 120
1230 1360 130
1231 1350 120
1232 1540 150
1233 1540 140
1234 1390 120
1235 1390 120
1236 1390 130
1237 1370 120
1238 1580 140
1239 1430 150
1240 1980 130
1241 1440 130
1242 1430 130
1243 1400 140
1244 1660 160
1245 1480 140
1246 1410 130
1247 1590 130
1248 1580 150
1249 4330 180
1250 1650 170
1251 1690 170
1252 2980 160
1253 1650 160
1254 1760 190
1255 1740 160
1256 1770 160
1257 1730 180
1258 1930 140
1259 1800 160
1260 1620 150
1261 2190 150
1262 1550 140
1263 1760 170
1264 1750 170
1265 1800 160
1266 1800 160
1267 1860 170
1268 1730 160
1269 1700 170
1270 1750 170
1271 1860 250
1272 1850 220
1273 1760 170
1274 1840 170
1275 1900 190
1276 1850 160
1277 1700 160
1278 1810 180
1279 1800 160
1280 1760 180
1281 3480 230
1282 1990 230
1283 1780 160
1284 1810 150
1285 1780 160
1286 2650 180
1287 5380 180
1288 1690 190
1289 1180 200
1290 2070 200
1291 1800 160
1292 1920 200
1293 1840 160
1294 1720 190
1295 1800 160
1296 1880 170
1297 1860 180
1298 1820 160
1299 1840 170
1300 1850 190
1301 1800 160
1302 4450 260
1303 3560 200
1304 1880 180
1305 3740 200
1306 5760 190
1307 1850 160
1308 1820 170
1309 1790 170
1310 1810 160
1311 2780 230
1312 3380 190
1313 1880 170
1314 1790 160
1315 1860 170
1316 1820 160
1317 1890 180
1318 2050 200
1319 1810 1420
1320 8380 220
1321 1960 190
1322 1900 180
1323 1850 180
1324 1850 160
1325 1870 160
1326 5990 170
1327 1780 180
1328 1910 180
1329 1820 170
1330 10730 200
1331 3030 200
1332 2380 190
1333 1850 180
1334 1730 160
1335 1840 170
1336 1910 170
1337 2820 190
1338 1790 170
1339 1860 160
1340 1890 160
1341 2900 170
1342 1780 160
1343 1850 180
1344 6560 190
1345 1840 170
1346 1870 160
1347 1890 180
1348 1820 170
1349 4110 200
1350 1780 180
1351 1850 170
1352 1950 180
1353 2020 160
1354 1880 200
1355 3830 190
1356 1820 160
1357 2070 220
1358 1840 170
1359 1880 170
1360 1940 160
1361 1870 200
1362 1860 180
1363 2860 210
1364 10820 170
1365 1860 170
1366 1770 190
1367 1900 180
1368 1870 160
1369 1830 170
1370 1720 170
1371 1860 180
1372 1810 180
1373 2160 210
1374 1800 170
1375 1870 180
1376 1890 180
1377 1870 190
1378 1830 170
1379 1680 220
1380 1840 180
1381 1970 170
1382 1770 190
1383 1640 130
1384 1680 160
1385 1790 160
1386 5330 170
1387 1630 130
1388 1630 130
1389 2210 140
1390 1800 160
1391 1680 150
1392 1580 140
1393 1620 140
1394 1570 130
1395 1660 140
1396 1860 180
1397 1570 130
1398 1560 130
1399 1590 130
1400 1570 120
1401 1760 150
1402 1680 180
1403 1660 150
1404 2160 130
1405 1620 130
1406 1720 140
1407 1770 170
1408 1620 130
1409 1790 140
1410 1590 130
1411 1590 130
1412 1840 160
1413 1590 140
1414 1600 130
1415 1690 140
1416 1730 140
1417 1900 160
1418 1800 150
1419 1590 140
1420 1600 140
1421 1550 120
1422 2200 120
1423 2060 170
1424 1610 140
1425 1740 140
1426 1600 130
1427 1610 130
1428 1900 170
1429 1750 160
1430 1630 130
1431 1780 160
1432 1770 150
1433 1860 190
1434 1720 150
1435 1770 140
1436 1680 140
1437 1640 140
1438 2010 190
1439 1750 160
1440 1630 130
1441 1630 130
1442 1570 140
1443 1850 170
1444 1790 160
1445 1700 150
1446 1690 130
1447 1700 130
1448 1960 170
1449 1760 170
1450 1750 170
1451 2260 130
1452 3550 150
1453 1920 180
1454 1730 190
1455 1660 140
1456 1710 120
1457 1980 180
1458 1840 510
1459 1710 130
1460 1860 160
1461 1650 140
1462 2000 160
1463 1670 140
1464 1710 130
1465 1780 140
1466 2000 170
1467 1830 150
1468 1680 130
1469 1750 150
1470 1930 180
1471 1930 160
1472 1710 130
1473 1670 120
1474 1650 130
1475 1990 170
1476 1750 140
1477 1690 140
1478 1650 130
1479 2220 140
1480 2060 180
1481 1840 190
1482 1700 140
1483 1650 130
1484 1670 130
1485 1950 170
1486 1720 140
1487 1750 160
1488 1640 130
1489 1710 130
1490 1900 170
1491 1830 160
1492 1840 130
1493 1670 140
1494 1710 140
1495 1860 170
1496 1830 160
1497 1660 130
1498 1650 120
1499 1850 190
1500 2050 180
1501 2010 180
1502 1830 160
1503 2020 160
1504 2040 190
1505 1840 190
1506 1690 140
1507 1660 140
1508 1980 170
1509 1850 180
1510 1850 140
1511 1850 140
1512 2960 130
1513 1960 170
1514 1720 140
1515 1720 130
1516 1670 130
1517 1840 160
1518 2020 180
1519 1770 150
1520 1740 130
1521 1760 130
1522 1880 150
1523 1820 170
1524 1710 150
1525 1720 130
1526 1700 130
1527 1800 140
1528 1870 190
1529 1930 170
1530 1730 130
1531 1810 150
1532 2230 200
1533 1800 160
1534 1720 130
1535 1740 130
1536 1680 130
1537 2100 180
1538 1820 150
1539 1710 130
1540 1770 130
1541 1720 130
1542 2050 190
1543 1750 150
1544 1740 120
1545 1700 140
1546 1710 130
1547 2090 180
1548 1740 120
1549 1840 140
1550 1750 140
1551 1720 130
1552 2080 170
1553 3160 160
1554 1940 160
1555 1840 150
1556 1800 140
1557 2060 190
1558 1790 140
1559 1730 130
1560 1940 170
1561 1980 180
1562 1980 170
1563 2100 180
1564 2130 180
1565 2010 160
1566 2140 160
1567 3040 130
1568 1790 170
1569 2060 170
1570 1770 140
1571 2000 170
1572 1840 150
1573 1770 130
1574 1820 120
1575 2100 170
1576 1950 160
1577 1770 140
1578 1820 130
1579 1790 140
1580 2190 180
1581 1850 150
1582 1820 120
1583 2050 160
1584 1770 130
1585 2050 170
1586 1800 130
1587 1780 130
1588 1750 130
1589 1740 120
1590 3430 180
1591 1890 150
1592 1820 140
1593 1920 140
1594 2280 1730
1595 1980 160
1596 1830 140
1597 1860 150
1598 2440 140
1599 2070 160
1600 1830 130
1601 1900 140
1602 1860 140
1603 1820 130
1604 2240 160
1605 3100 140
1606 1840 140
1607 1780 120
1608 2080 200
1609 1880 160
1610 1910 150
1611 1890 150
1612 2080 170
1613 2040 150
1614 1830 130
1615 1810 140
1616 1780 130
1617 2150 170
1618 3120 130
1619 1860 120
1620 1820 120
1621 1820 140
1622 2070 170
1623 2020 190
1624 2110 180
1625 2060 160
1626 2240 170
1627 2090 170
1628 1960 150
1629 1890 150
1630 2060 160
1631 1880 160
1632 1890 140
1633 1870 130
1634 2160 170
1635 1900 160
1636 1810 140
1637 1840 130
1638 2370 130
1639 2100 190
1640 3080 140
1641 1830 120
1642 3220 150
1643 1870 130
1644 2040 160
1645 1910 150
1646 2480 140
1647 1910 140
1648 2090 150
1649 1850 140
1650 1860 130
1651 1970 150
1652 1880 160
1653 2030 170
1654 1950 150
1655 1940 140
1656 3190 150
1657 2700 160
1658 1890 170
1659 1860 130
1660 1860 120
1661 8520 140
1662 2070 170
1663 1870 130
1664 1870 170
1665 1830 130
1666 2120 160
1667 5330 160
1668 1990 150
1669 1930 150
1670 1940 140
1671 2690 180
1672 2090 150
1673 1880 140
1674 1870 130
1675 2230 180
1676 1880 130
1677 1880 130
1678 1850 140
1679 2140 180
1680 2080 160
1681 1950 150
1682 1870 130
1683 1920 150
1684 2130 160
1685 3300 180
1686 1890 130
1687 1850 130
1688 2210 150
1689 2110 160
1690 1940 140
1691 1900 140
1692 1890 140
1693 2210 160
1694 1900 150
1695 1940 150
1696 1870 130
1697 1880 140
1698 2120 170
1699 1970 140
1700 1950 150
1701 1980 140
1702 2140 160
1703 1990 130
1704 1900 130
1705 1900 140
1706 3340 140
1707 1930 140
1708 1900 120
1709 1880 120
1710 2050 140
1711 1920 130
1712 1980 140
1713 1890 120
1714 1910 130
1715 1890 130
1716 2050 150
1717 1920 130
1718 1880 130
1719 2130 160
1720 2130 150
1721 2170 170
1722 1940 140
1723 1890 140
1724 1940 140
1725 2120 160
1726 1890 140
1727 3110 140
1728 2070 150
1729 2110 140
1730 1990 140
1731 1950 140
1732 1880 130
1733 1910 130
1734 1940 140
1735 1950 130
1736 2110 150
1737 1970 130
1738 2010 150
1739 2080 150
1740 1970 140
1741 1950 140
1742 2050 150
1743 2230 170
1744 2120 150
1745 1980 130
1746 3060 130
1747 1950 140
1748 2200 160
1749 1990 140
1750 2540 130
1751 1920 140
1752 2160 160
1753 1950 130
1754 1930 140
1755 1950 130
1756 2130 160
1757 2080 160
1758 1930 140
1759 2080 150
1760 1960 140
1761 2090 160
1762 1980 140
1763 1950 130
1764 2010 130
1765 1950 130
1766 1940 130
1767 1950 110
1768 1920 140
1769 3280 140
1770 2160 170
1771 2120 150
1772 4130 150
1773 2000 150
1774 2000 140
1775 2160 160
1776 2010 140
1777 1990 140
1778 2010 150
1779 1990 130
1780 2150 160
1781 2040 140
1782 2040 140
1783 2180 160
1784 2010 140
1785 1980 140
1786 2260 170
1787 3000 150
1788 2070 130
1789 2010 140
1790 3290 140
1791 2010 130
1792 2160 160
1793 2050 170
1794 2120 160
1795 2030 140
1796 2270 170
1797 2110 150
1798 1980 130
1799 2030 140
1800 2010 140
1801 2110 140
1802 2150 150
1803 2020 130
1804 2030 150
1805 2080 150
1806 2650 140
1807 2170 170
1808 2050 140
1809 2280 160
1810 2320 170
1811 2230 180
1812 2290 170
1813 2340 170
1814 2070 150
1815 2040 150
1816 3350 170
1817 2340 200
1818 2050 140
1819 2080 150
1820 1990 140
1821 2050 140
1822 2320 170
1823 2200 160
1824 2090 150
1825 2220 170
1826 2290 170
1827 2070 150
1828 2030 140
1829 2020 120
1830 2300 150
1831 2010 140
1832 2270 160
1833 2210 160
1834 2720 170
1835 2080 140
1836 2280 160
1837 2090 140
1838 3270 150
1839 2240 160
1840 2080 140
1841 2230 160
1842 2110 150
1843 2170 150
1844 2660 140
1845 2060 130
1846 2250 150
1847 2760 150
1848 4770 160
1849 2270 190
1850 2330 190
1851 2310 170
1852 2080 160
1853 2100 140
1854 2100 130
1855 2170 140
1856 2330 170
1857 2420 190
1858 2290 180
1859 2830 170
1860 3620 160
1861 2190 170
1862 2310 190
1863 2120 140
1864 2270 180
1865 2400 150
1866 2090 130
1867 2210 150
1868 2280 170
1869 2280 170
1870 2440 170
1871 2150 140
1872 2290 170
1873 2320 180
1874 2070 150
1875 2130 140
1876 2390 170
1877 2540 170
1878 3500 180
1879 4270 160
1880 2160 170
1881 3590 160
1882 2210 150
1883 2160 160
1884 2300 160
1885 2090 140
1886 2180 150
1887 2110 170
1888 2300 170
1889 2130 140
1890 2100 130
1891 2600 190
1892 2580 170
1893 2300 220
1894 2370 170
1895 2720 190
1896 2150 150
1897 2110 140
1898 2060 130
1899 2250 150
1900 3480 150
1901 2110 150
1902 2680 140
1903 2090 140
1904 2810 150
1905 2090 130
1906 2210 150
1907 2130 140
1908 2190 160
1909 2100 140
1910 9260 190
1911 2130 160
1912 2280 150
1913 2120 130
1914 2100 140
1915 2050 140
1916 2780 170
1917 3440 140
1918 2120 130
1919 2090 130
1920 2180 150
1921 2930 170
1922 2120 160
1923 2150 130
1924 2120 140
1925 2130 170
1926 2770 140
1927 2100 130
1928 3340 140
1929 2110 140
1930 2230 180
1931 2320 140
1932 2110 130
1933 2110 150
1934 2250 160
1935 2130 150
1936 2130 130
1937 2370 140
1938 2200 160
1939 2160 140
1940 2190 130
1941 2350 160
1942 2150 130
1943 2140 140
1944 2160 140
1945 2200 140
1946 2140 150
1947 2130 130
1948 2120 130
1949 3720 160
1950 2170 150
1951 2140 150
1952 2130 130
1953 2130 140
1954 2120 140
1955 2720 130
1956 2130 130
1957 2260 150
1958 2220 210
1959 2160 140
1960 2140 150
1961 2140 130
1962 2160 140
1963 2160 130
1964 2130 130
1965 3450 150
1966 2170 140
1967 2130 140
1968 3220 160
1969 2190 140
1970 2170 140
1971 2140 130
1972 2160 140
1973 2190 150
1974 2210 150
1975 2250 160
1976 2170 140
1977 2170 150
1978 2170 140
1979 2200 140
1980 2290 150
1981 2170 140
1982 2130 150
1983 2160 140
1984 2170 130
1985 3430 150
1986 2190 130
1987 2290 150
1988 2160 150
1989 2150 150
1990 2140 140
1991 2200 140
1992 2120 130
1993 2150 140
1994 2150 130
1995 2200 150
1996 2160 130
1997 2120 140
1998 2120 140
1999 2120 130
2000 2100 120
2001 2130 130
2002 3320 130
2003 2130 120
2004 2120 140
2005 2130 140
2006 2140 310
2007 2320 130
2008 2330 130
2009 2320 120
2010 2140 130
2011 2140 120
2012 2140 130
2013 2120 120
2014 2160 140
2015 2160 140
2016 2180 130
2017 2140 130
2018 2120 140
2019 2170 140
2020 2750 150
2021 2140 130
2022 2160 140
2023 2130 130
2024 3320 130
2025 2870 150
2026 2210 140
2027 2150 140
2028 2160 120
2029 2130 130
2030 2180 130
2031 2160 140
2032 2190 130
2033 2290 150
2034 2180 140
2035 2190 130
2036 2170 130
2037 2180 120
2038 2180 140
2039 2180 120
2040 2170 140
2041 2180 140
2042 2670 130
2043 2130 160
2044 2120 130
2045 2080 120
2046 2110 130
2047 2110 130
2048 3290 140
2049 2280 120
2050 2130 130
2051 2120 140
2052 2090 130
2053 2120 130
2054 2100 130
2055 2120 120
2056 3460 130
2057 2130 120
2058 4400 120
2059 2150 130
2060 2100 130
2061 2120 130
2062 2120 120
2063 2090 130
2064 2210 150
2065 2700 130
2066 2670 120
2067 2160 140
2068 2140 130
2069 3230 140
2070 2130 130
2071 2160 130
2072 2130 140
2073 2160 140
2074 2140 130
2075 2160 130
2076 2130 130
2077 2130 130
2078 2170 140
2079 2240 150
2080 2130 140
2081 2150 130
2082 2150 130
2083 2140 120
2084 3140 130
2085 2190 140
2086 2170 130
2087 2710 140
2088 2140 130
2089 2130 130
2090 2110 130
2091 2150 120
2092 2160 120
2093 2160 130
2094 2260 150
2095 2180 130
2096 2180 130
2097 2350 150
2098 2170 140
2099 2200 120
2100 2770 130
2101 2150 140
2102 2190 150
2103 2200 140
2104 2170 140
2105 2150 140
2106 4030 150
2107 2230 140
2108 2240 190
2109 2300 140
2110 2200 130
2111 2170 130
2112 2210 130
2113 2170 120
2114 2200 140
2115 2190 120
2116 2190 120
2117 2300 140
2118 2190 120
2119 2190 140
2120 2220 120
2121 2180 130
2122 2200 120
2123 2190 120
2124 2260 140
2125 2180 140
2126 3360 130
2127 2240 130
2128 2220 130
2129 2210 140
2130 2190 130
2131 2270 150
2132 2220 130
2133 2200 130
2134 2200 120
2135 2210 130
2136 2190 130
2137 2260 140
2138 2470 160
2139 2360 160
2140 2560 160
2141 2430 150
2142 2260 140
2143 2280 130
2144 2520 190
2145 2290 140
2146 2260 120
2147 2580 160
2148 2310 150
2149 2270 120
2150 2810 130
2151 3930 150
2152 2410 150
2153 2280 150
2154 2280 140
2155 2510 190
2156 2320 140
2157 2830 140
2158 2250 140
2159 2440 180
2160 2250 140
2161 2280 140
2162 2670 190
2163 2410 150
2164 2290 150
2165 2240 140
2166 2550 170
2167 2350 150
2168 2330 140
2169 2570 170
2170 2310 160
2171 2290 130
2172 2460 170
2173 2520 170
2174 2370 150
2175 2350 960
2176 2630 190
2177 2470 140
2178 2390 140
2179 8160 190
2180 2530 170
2181 2390 150
2182 2380 140
2183 2720 190
2184 2460 160
2185 2390 150
2186 2400 150
2187 2610 180
2188 2400 140
2189 2350 140
2190 2520 150
2191 2380 140
2192 2430 140
2193 2360 170
2194 2590 170
2195 2480 170
2196 2400 170
2197 2650 180
2198 4150 240
2199 3850 220
2200 2730 190
2201 2630 170
2202 2830 190
2203 2490 180
2204 2660 180
2205 2490 160
2206 2420 140
2207 2410 140
2208 3250 160
2209 2410 130
2210 2540 160
2211 2810 200
2212 3210 220
2213 2460 180
2214 3520 200
2215 4260 200
2216 2680 180
2217 2710 190
2218 2690 180
2219 2500 170
2220 2400 140
2221 2580 180
2222 2650 170
2223 2360 140
2224 2470 150
2225 2700 190
2226 2490 170
2227 2420 140
2228 2690 230
2229 2600 190
2230 2440 150
2231 2490 150
2232 3190 240
2233 2450 150
2234 3810 140
2235 3200 170
2236 2570 160
2237 2420 160
2238 9340 170
2239 2730 210
2240 2470 160
2241 2410 140
2242 2520 180
2243 2480 160
2244 2410 130
2245 2440 140
2246 2650 180
2247 2460 160
2248 2430 150
2249 2510 150
2250 2740 180
2251 2420 140
2252 2430 140
2253 2490 160
2254 2450 140
2255 4620 180
2256 2660 180
2257 2560 160
2258 2530 750
2259 2440 130
2260 2530 160
2261 2980 160
2262 2450 130
2263 2780 190
2264 2640 180
2265 2400 140
2266 2450 150
2267 2770 190
2268 3100 170
2269 3680 170
2270 2820 190
2271 2700 200
2272 2470 180
2273 2770 190
2274 2740 190
2275 2500 170
2276 2480 140
2277 2560 160
2278 6740 170
2279 2430 150
2280 2450 150
2281 2540 190
2282 2640 170
2283 2480 150
2284 2680 180
2285 2760 180
2286 2520 150
2287 2570 160
2288 2650 170
2289 2650 190
2290 2570 190
2291 2590 180
2292 2620 170
2293 2480 140
2294 2480 140
2295 2770 170
2296 2540 160
2297 2510 140
2298 4240 180
2299 2570 170
2300 2480 150
2301 2550 180
2302 2810 180
2303 2700 170
2304 2440 140
2305 2610 180
2306 2570 170
2307 2470 130
2308 2750 200
2309 2810 170
2310 2560 150
2311 2510 170
2312 2610 180
2313 2530 150
2314 2550 150
2315 4410 200
2316 2750 170
2317 2560 150
2318 2540 140
2319 2640 190
2320 2540 140
2321 2530 150
2322 2720 180
2323 2560 170
2324 2510 150
2325 2500 140
2326 2770 180
2327 2540 170
2328 2610 160
2329 2880 180
2330 2930 190
2331 2620 180
2332 2810 180
2333 2710 180
2334 2510 150
2335 2660 150
2336 2660 160
2337 3160 150
2338 2520 140
2339 4250 180
2340 2600 160
2341 2540 140
2342 2530 160
2343 2670 160
2344 2650 160
2345 2560 140
2346 3560 190
2347 2530 160
2348 2490 140
2349 2870 190
2350 2720 180
2351 2580 150
2352 2820 170
2353 3230 180
2354 4050 210
2355 2750 170
2356 2730 170
2357 2500 140
2358 4140 160
2359 2810 160
2360 3900 200
2361 2780 180
2362 2750 180
2363 2830 180
2364 2680 160
2365 2820 180
2366 2570 150
2367 2510 140
2368 2760 220
2369 2530 170
2370 2760 170
2371 2770 190
2372 2640 170
2373 2560 180
2374 3120 190
2375 2600 160
2376 3950 160
2377 2840 190
2378 2560 160
2379 2660 170
2380 2880 200
2381 2760 180
2382 2930 190
2383 2640 180
2384 2670 160
2385 2590 140
2386 2580 170
2387 3330 180
2388 2780 170
2389 2600 160
2390 2790 180
2391 2600 150
2392 2610 150
2393 2700 180
2394 2840 180
2395 2660 140
2396 4450 200
2397 2730 160
2398 2700 150
2399 2640 140
2400 2900 190
2401 2600 140
2402 2570 140
2403 2930 190
2404 2690 160
2405 2620 160
2406 2590 150
2407 2830 180
2408 3260 160
2409 2630 140
2410 2910 190
2411 2650 150
2412 2700 150
2413 2790 180
2414 2600 140
2415 2580 140
2416 2790 160
2417 2660 160
2418 2600 140
2419 2720 160
2420 2740 160
2421 4000 170
2422 2580 150
2423 2910 180
2424 3810 150
2425 2660 160
2426 3630 190
2427 3610 140
2428 2560 140
2429 2560 140
2430 2850 180
2431 2630 160
2432 3120 130
2433 2780 170
2434 2610 160
2435 2720 150
2436 2910 190
2437 2580 150
2438 2630 140
2439 2610 150
2440 2630 150
2441 2630 130
2442 2580 150
2443 4210 190
2444 2610 140
2445 3120 150
2446 3010 180
2447 2670 150
2448 2680 150
2449 2940 160
2450 2780 170
2451 2650 150
2452 2650 160
2453 2770 210
2454 3220 150
2455 2710 150
2456 2660 170
2457 3130 150
2458 3890 140
2459 2770 150
2460 2540 140
2461 2570 130
2462 2810 160
2463 2580 150
2464 2540 130
2465 2610 140
2466 4360 220
2467 2570 150
2468 2580 140
2469 2830 180
2470 2550 140
2471 3200 160
2472 2910 190
2473 2790 170
2474 2690 180
2475 2810 180
2476 2610 150
2477 3180 130
2478 4490 190
2479 2840 200
2480 2580 140
2481 3900 150
2482 2740 210
2483 2610 140
2484 2570 150
2485 2880 180
2486 2750 200
2487 2640 140
2488 2920 180
2489 2710 170
2490 3140 150
2491 2880 180
2492 4290 190
2493 2680 150
2494 2790 170
2495 2740 170
2496 3990 140
2497 2630 150
2498 2930 180
2499 2610 170
2500 2570 140
2501 2890 180
2502 2620 150
2503 2630 140
2504 2950 190
2505 2630 160
2506 2630 140
2507 2980 230
2508 2720 150
2509 2620 140
2510 2870 180
2511 2700 170
2512 2640 140
2513 2610 150
2514 3510 160
2515 2670 160
2516 2760 160
2517 2850 190
2518 2630 140
2519 2660 140
2520 2780 170
2521 4090 150
2522 2750 150
2523 2890 170
2524 2770 170
2525 2630 150
2526 2620 150
2527 2930 170
2528 3230 160
2529 2640 150
2530 2780 170
2531 2630 150
2532 2640 130
2533 2680 190
2534 2690 150
2535 2780 180
2536 3460 180
2537 2710 150
2538 2670 140
2539 2730 170
2540 2930 170
2541 2700 170
2542 5520 210
2543 2690 160
2544 2610 150
2545 2670 150
2546 4290 740
2547 2690 160
2548 2670 140
2549 2870 190
2550 2680 150
2551 3230 150
2552 2910 190
2553 2650 150
2554 2700 140
2555 2800 160
2556 2690 140
2557 2670 150
2558 3940 210
2559 2730 170
2560 2630 150
2561 3010 200
2562 2880 210
2563 2690 140
2564 2690 160
2565 2930 180
2566 2690 160
2567 4030 150
2568 2990 190
2569 2750 150
2570 2700 150
2571 3010 190
2572 2790 150
2573 2700 160
2574 2980 190
2575 2720 160
2576 2740 150
2577 3070 190
2578 2630 150
2579 2690 140
2580 3080 200
2581 3410 160
2582 2860 150
2583 3740 190
2584 3050 200
2585 2790 140
2586 2890 200
2587 4310 190
2588 2980 190
2589 3030 180
2590 2930 170
2591 2820 160
2592 2790 160
2593 3520 160
2594 2820 160
2595 2750 140
2596 2760 140
2597 3310 150
2598 2690 150
2599 4230 200
2600 2740 160
2601 2660 150
2602 2960 190
2603 2740 140
2604 2710 140
2605 2950 150
2606 3350 140
2607 4140 170
2608 2960 170
2609 2730 150
2610 2820 160
2611 2990 170
2612 2710 150
2613 2780 140
2614 2770 160
2615 2800 150
2616 2790 140
2617 3000 170
2618 2740 160
2619 3400 150
2620 2790 140
2621 2830 150
2622 2800 140
2623 2890 140
2624 2810 150
2625 2790 160
2626 2780 140
2627 2820 160
2628 2780 150
2629 6590 160
2630 3010 170
2631 2810 170
2632 2840 150
2633 2890 160
2634 2820 140
2635 2970 170
2636 3050 170
2637 3070 160
2638 2960 180
2639 3020 200
2640 2950 170
2641 2840 160
2642 3020 190
2643 3410 160
2644 2820 150
2645 2880 150
2646 2840 150
2647 2810 140
2648 2810 150
2649 2770 150
2650 3460 140
2651 2800 140
2652 2840 150
2653 2780 140
2654 2710 140
2655 4210 140
2656 2720 140
2657 2730 140
2658 2900 150
2659 2760 160
2660 3350 150
2661 2790 140
2662 2820 150
2663 2890 160
2664 3020 180
2665 2830 150
2666 2810 150
2667 3040 190
2668 2820 160
2669 2790 150
2670 3050 180
2671 2970 140
2672 2800 130
2673 3090 220
2674 2820 140
2675 2910 170
2676 3040 190
2677 2820 160
2678 2780 130
2679 5750 180
2680 4210 160
2681 2820 150
2682 3130 190
2683 2810 160
2684 2790 150
2685 3090 190
2686 2800 160
2687 2900 160
2688 3010 180
2689 2900 160
2690 2820 150
2691 3060 220
2692 5430 180
2693 3040 180
2694 3080 180
2695 4660 190
2696 3170 190
2697 3040 180
2698 3140 180
2699 3040 170
2700 3140 180
2701 4390 190
2702 4680 190
2703 3150 200
2704 3200 180
2705 3180 190
2706 3140 180
2707 4630 200
2708 6310 160
2709 2820 190
2710 3120 180
2711 3050 180
2712 3140 180
2713 3030 220
2714 3000 170
2715 3150 180
2716 3140 180
2717 3050 180
2718 3030 170
2719 2940 150
2720 3090 170
2721 3050 180
2722 3660 170
2723 2970 190
2724 3000 150
2725 3110 190
2726 2990 170
2727 2950 160
2728 3530 180
2729 2930 150
2730 4150 160
2731 3990 200
2732 3180 190
2733 3300 200
2734 3300 210
2735 3180 190
2736 3210 180
2737 3260 210
2738 3130 180
2739 3250 200
2740 3170 180
2741 3170 220
2742 3300 230
2743 3210 200
2744 3210 190
2745 3000 190
2746 2900 160
2747 3140 170
2748 3170 180
2749 3240 190
2750 3370 220
2751 6340 270
2752 4260 200
2753 3030 180
2754 2960 170
2755 3050 180
2756 3040 180
2757 2920 150
2758 3670 170
2759 3110 200
2760 2950 150
2761 3860 180
2762 2960 170
2763 2960 160
2764 2920 230
2765 5220 150
2766 2830 140
2767 3030 160
2768 2860 140
2769 4870 150
2770 3190 170
2771 3160 210
2772 3120 200
2773 3000 170
2774 3120 190
2775 2890 160
2776 2990 160
2777 4140 140
2778 2850 160
2779 3100 150
2780 3460 150
2781 2930 140
2782 2920 150
2783 3960 200
2784 2910 150
2785 3050 210
2786 3120 190
2787 3070 160
2788 2940 170
2789 2960 140
2790 3100 180
2791 3580 170
2792 2970 150
2793 2990 170
2794 2980 150
2795 4350 240
2796 4610 220
2797 3980 190
2798 2980 150
2799 3610 170
2800 2970 140
2801 3060 170
2802 2980 160
2803 2980 160
2804 3000 150
2805 3000 150
2806 3090 160
2807 2960 160
2808 3010 150
2809 3570 160
2810 2980 140
2811 2970 140
2812 3440 190
2813 3180 170
2814 3200 190
2815 3030 160
2816 2950 150
2817 3150 190
2818 2970 150
2819 2980 150
2820 3030 150
2821 4380 150
2822 3330 210
2823 3270 200
2824 2930 160
2825 3160 170
2826 2900 150
2827 3000 160
2828 3570 150
2829 6740 160
2830 2990 140
2831 2950 150
2832 2930 130
2833 3040 150
2834 3520 160
2835 2920 160
2836 2900 150
2837 2970 140
2838 3050 170
2839 2960 150
2840 3770 160
2841 2910 140
2842 2890 150
2843 3080 180
2844 4380 170
2845 2960 150
2846 2860 140
2847 3540 150
2848 2920 140
2849 2900 140
2850 2940 140
2851 3020 150
2852 2940 150
2853 3010 150
2854 2960 150
2855 2960 140
2856 2960 150
2857 2960 140
2858 3490 140
2859 2960 150
2860 3610 140
2861 2960 150
2862 3640 160
2863 3080 170
2864 3520 170
2865 2950 150
2866 3610 150
2867 4500 160
2868 3050 170
2869 2980 150
2870 3000 150
2871 3160 190
2872 2990 160
2873 3550 150
2874 2960 140
2875 2960 150
2876 3050 150
2877 2980 150
2878 2990 150
2879 3180 160
2880 3000 140
2881 2990 150
2882 3110 170
2883 3000 140
2884 2970 140
2885 3030 170
2886 6820 160
2887 3030 170
2888 3230 190
2889 3680 190
2890 3080 210
2891 3050 180
2892 2970 150
2893 3080 170
2894 3240 180
2895 3000 150
2896 3710 170
2897 2970 150
2898 3070 160
2899 2990 150
2900 3030 140
2901 3530 170
2902 3000 140
2903 7690 170
2904 3080 200
2905 3130 170
2906 3000 190
2907 4180 150
2908 3040 170
2909 3690 160
2910 3030 150
2911 3010 160
2912 3590 160
2913 2980 140
2914 3260 190
2915 3190 210
2916 3020 150
2917 3040 160
2918 3020 150
2919 3030 140
2920 3180 160
2921 3050 150
2922 3590 160
2923 3020 150
2924 3020 150
2925 3600 150
2926 3060 150
2927 3010 150
2928 3030 150
2929 4340 150
2930 3040 140
2931 3080 150
2932 3050 170
2933 3010 150
2934 3010 140
2935 3770 150
2936 3040 140
2937 3040 150
2938 3600 160
2939 3040 150
2940 3040 160
2941 3140 160
2942 3650 160
2943 3070 150
2944 3040 150
2945 3030 150
2946 3580 140
2947 4790 150
2948 3020 150
2949 3040 140
2950 3010 140
2951 3040 160
2952 3060 140
2953 3100 160
2954 3020 160
2955 3660 150
2956 3100 150
2957 3070 140
2958 3120 160
2959 3060 160
2960 3610 140
2961 2990 160
2962 3050 140
2963 3190 150
2964 3070 150
2965 3640 150
2966 3230 140
2967 3070 140
2968 3050 140
2969 4520 170
2970 3040 150
2971 3960 140
2972 3020 160
2973 3050 150
2974 3070 160
2975 3090 150
2976 3070 150
2977 3050 150
2978 3600 150
2979 3370 150
2980 3050 160
2981 3090 140
2982 3060 150
2983 3040 140
2984 3080 140
2985 3210 160
2986 3090 150
2987 3090 150
2988 3070 140
2989 3080 140
2990 3060 160
2991 4970 150
2992 3080 140
2993 3050 150
2994 4340 150
2995 3060 140
2996 3830 170
2997 3290 150
2998 2980 150
2999 3020 140
3000 2970 140
3001 3020 150
3002 3090 150
3003 2990 160
3004 3100 180
3005 3060 150
3006 3030 140
3007 3170 150
3008 2970 160
3009 3020 150
3010 3010 150
3011 3070 150
3012 3040 150
3013 4350 160
3014 3110 170
3015 3040 140
3016 2980 150
3017 3090 160
3018 3280 210
3019 7550 190
3020 3370 180
3021 5170 220
3022 3070 160
3023 4900 170
3024 3320 180
3025 3590 200
3026 4580 170
3027 3030 160
3028 4750 180
3029 3360 220
3030 3290 210
3031 3520 200
3032 4490 220
3033 4580 140
3034 3440 230
3035 9540 200
3036 3450 200
3037 3680 170
3038 3760 180
3039 3260 190
3040 3240 180
3041 3300 180
3042 3240 180
3043 3110 150
3044 3230 190
3045 3130 160
3046 3100 140
3047 3210 140
3048 3120 150
3049 3090 140
3050 5120 150
3051 3710 150
3052 3200 140
3053 3120 150
3054 3120 160
3055 3270 180
3056 3160 160
3057 3130 140
3058 3120 160
3059 3130 140
3060 3220 160
3061 3350 170
3062 3160 150
3063 3350 160
3064 3280 170
3065 3170 160
3066 3250 170
3067 3170 150
3068 3750 160
3069 3130 150
3070 3120 140
3071 3180 150
3072 3150 150
3073 3160 150
3074 3700 180
3075 4360 160
3076 3250 160
3077 3300 180
3078 3770 160
3079 3150 160
3080 3410 180
3081 4860 200
3082 3360 210
3083 3490 180
3084 3340 190
3085 3300 180
3086 3530 180
3087 3760 170
3088 3470 250
3089 3320 170
3090 3300 200
3091 3460 210
3092 9210 200
3093 4160 180
3094 4450 190
3095 3600 200
3096 3250 160
3097 3290 180
3098 3680 200
3099 3280 180
3100 3560 200
3101 4090 190
3102 3290 160
3103 3430 190
3104 5700 200
3105 3530 180
3106 3300 170
3107 3390 170
3108 3590 200
3109 4000 170
3110 3510 200
3111 3600 190
3112 3300 170
3113 3660 190
3114 3300 190
3115 3960 190
3116 3590 210
3117 3920 160
3118 3680 180
3119 4720 190
3120 3360 200
3121 3460 200
3122 3310 150
3123 3450 170
3124 3370 170
3125 3310 150
3126 3380 170
3127 3310 170
3128 3410 160
3129 3600 200
3130 3440 220
3131 3440 190
3132 3310 170
3133 3850 160
3134 3640 180
3135 3350 160
3136 3310 150
3137 3360 160
3138 4800 160
3139 3380 150
3140 4080 160
3141 3320 150
3142 3310 170
3143 3360 160
3144 3340 180
3145 3880 160
3146 3320 150
3147 3330 160
3148 3470 180
3149 3340 160
3150 3330 160
3151 3310 150
3152 3320 150
3153 3400 170
3154 3370 170
3155 3290 160
3156 3280 150
3157 3220 150
3158 3220 160
3159 3880 170
3160 3240 160
3161 4010 170
3162 3200 140
3163 3230 150
3164 4620 170
3165 3250 150
3166 3330 150
3167 3220 140
3168 3260 160
3169 3320 150
3170 3260 160
3171 3280 150
3172 3260 140
3173 3200 140
3174 3470 180
3175 3860 170
3176 3290 160
3177 3240 150
3178 3280 140
3179 3280 150
3180 3270 150
3181 3330 140
3182 3290 150
3183 5560 160
3184 3270 150
3185 3840 160
3186 3330 160
3187 3840 160
3188 3280 150
3189 3510 200
3190 3700 170
3191 3330 160
3192 3300 160
3193 4080 190
3194 3310 150
3195 3440 180
3196 3310 150
3197 3300 160
3198 3490 190
3199 3340 160
3200 3540 170
3201 4010 160
3202 4730 180
3203 4060 190
3204 3330 160
3205 8910 190
3206 4380 200
3207 8150 240
3208 3560 190
3209 3420 160
3210 3600 180
3211 3430 170
3212 3480 170
3213 3440 170
3214 3330 160
3215 3580 200
3216 3860 240
3217 5170 200
3218 3480 240
3219 3390 160
3220 3490 190
3221 3800 210
3222 3840 190
3223 3660 190
3224 3730 210
3225 3690 200
3226 4860 230
3227 3720 240
3228 3710 210
3229 4400 220
3230 3690 200
3231 3740 230
3232 3600 200
3233 3760 210
3234 3760 200
3235 3750 240
3236 3730 200
3237 3710 210
3238 3790 200
3239 3730 200
3240 3410 170
3241 3880 210
3242 3510 200
3243 3730 220
3244 3590 230
3245 3820 210
3246 4000 220
3247 3620 170
3248 4110 200
3249 3680 200
3250 3720 200
3251 3730 200
3252 5480 220
3253 3750 210
3254 3430 170
3255 4270 240
3256 4270 190
3257 3810 210
3258 3620 180
3259 3770 190
3260 3490 200
3261 3560 160
3262 3670 200
3263 3450 200
3264 4070 170
3265 3690 210
3266 3540 170
3267 3680 200
3268 3620 170
3269 3590 190
3270 3580 180
3271 3490 170
3272 3730 190
3273 3500 170
3274 7780 220
3275 4210 180
3276 3480 160
3277 3920 180
3278 3430 170
3279 3520 190
3280 3600 200
3281 3510 190
3282 3560 190
3283 3490 350
3284 3690 170
3285 3510 170
3286 3510 180
3287 3490 180
3288 3480 150
3289 3640 190
3290 3550 170
3291 3520 160
3292 3480 170
3293 3470 170
3294 3570 170
3295 3680 180
3296 3710 170
3297 4340 180
3298 4560 180
3299 3670 190
3300 3730 190
3301 3600 180
3302 3660 200
3303 3490 160
3304 3520 170
3305 3460 150
3306 3590 160
3307 5350 210
3308 3490 170
3309 3520 170
3310 3810 170
3311 3440 160
3312 3610 180
3313 3440 170
3314 9570 200
3315 4890 170
3316 3450 160
3317 3710 190
3318 3500 170
3319 3740 190
3320 3400 140
3321 5400 210
3322 3610 170
3323 3740 220
3324 3670 180
3325 3770 200
3326 7770 250
3327 3550 180
3328 4090 250
3329 8770 270
3330 3760 230
3331 5150 210
3332 3890 200
3333 3830 240
3334 3830 200
3335 3740 250
3336 3820 220
3337 3920 200
3338 3850 220
3339 3840 210
3340 5280 270
3341 3820 210
3342 3840 210
3343 3840 250
3344 3640 220
3345 3820 200
3346 3640 190
3347 5010 240
3348 3730 190
3349 3520 170
3350 3820 200
3351 3580 170
3352 3810 220
3353 3730 180
3354 3590 160
3355 3820 200
3356 3710 180
3357 4290 220
3358 3570 160
3359 3900 210
3360 3720 200
3361 7710 180
3362 3830 190
3363 3500 180
3364 4050 210
3365 4260 210
3366 5020 180
3367 3400 160
3368 4390 230
3369 3630 190
3370 3490 170
3371 3590 190
3372 3540 170
3373 3580 200
3374 3480 160
3375 8120 180
3376 3560 200
3377 3450 160
3378 3770 810
3379 3530 190
3380 3750 200
3381 3570 170
3382 3560 220
3383 4080 170
3384 3480 170
3385 5270 190
3386 3470 160
3387 4500 210
3388 4140 170
3389 3630 190
3390 3810 210
3391 3780 200
3392 3820 190
3393 3560 160
3394 3780 190
3395 3650 170
3396 9230 200
3397 4170 220
3398 3860 180
3399 3740 200
3400 3530 170
3401 3810 220
3402 3530 180
3403 3830 220
3404 3720 200
3405 4430 210
3406 3790 210
3407 4980 180
3408 4550 220
3409 3940 190
3410 3880 220
3411 3770 200
3412 3710 200
3413 3710 180
3414 3670 150
3415 3910 220
3416 3620 160
3417 3900 210
3418 3580 180
3419 3600 160
3420 4420 200
3421 3620 180
3422 4870 230
3423 3540 170
3424 4670 220
3425 3750 180
3426 3620 160
3427 5390 180
3428 3600 160
3429 3870 210
3430 3580 160
3431 3610 170
3432 3840 190
3433 3620 170
3434 3850 200
3435 3620 160
3436 3770 200
3437 3780 200
3438 3660 190
3439 3910 220
3440 4120 170
3441 3750 250
3442 3740 210
3443 3820 210
3444 3620 210
3445 3530 160
3446 3600 190
3447 3820 170
3448 3850 210
3449 3570 170
3450 3520 160
3451 5260 220
3452 3550 160
3453 4080 220
3454 3600 160
3455 3620 170
3456 3710 170
3457 3530 160
3458 3670 200
3459 3560 150
3460 4050 200
3461 3560 160
3462 3540 160
3463 3780 190
3464 3780 150
3465 3190 230
3466 3720 200
3467 3760 190
3468 3760 180
3469 5220 200
3470 3840 1850
3471 4720 240
3472 3830 200
3473 3650 170
3474 3880 210
3475 4220 170
3476 3880 200
3477 5670 200
3478 3830 220
3479 3650 190
3480 3780 250
3481 3670 190
3482 3590 160
3483 3740 190
3484 3610 170
3485 3840 210
3486 3620 160
3487 3520 160
3488 3860 230
3489 3700 170
3490 4180 210
3491 3710 180
3492 3790 220
3493 3670 150
3494 3680 170
3495 3710 190
3496 3710 170
3497 3750 200
3498 3750 170
3499 3810 200
3500 3650 160
3501 5090 160
3502 3840 200
3503 4360 180
3504 3960 200
3505 3650 170
3506 3870 210
3507 3850 200
3508 3680 170
3509 3790 180
3510 4290 180
3511 3730 180
3512 3870 200
3513 3670 180
3514 3800 190
3515 3720 180
3516 4020 200
3517 3800 180
3518 5430 210
3519 4230 160
3520 3660 170
3521 3810 190
3522 5140 190
3523 5360 220
3524 3600 180
3525 3680 190
3526 3610 160
3527 3650 160
3528 4810 190
3529 3680 170
3530 3950 200
3531 3680 180
3532 3850 230
3533 3690 190
3534 3730 190
3535 3790 210
3536 3610 160
3537 3800 190
3538 3660 170
3539 4410 190
3540 3810 200
3541 3630 160
3542 3730 180
3543 3730 160
3544 3850 220
3545 4180 150
3546 6900 230
3547 4950 200
3548 3700 170
3549 3820 190
3550 3640 160
3551 3630 170
3552 4760 180
3553 3810 190
3554 4310 190
3555 3810 180
3556 3910 200
3557 8340 210
3558 3930 210
3559 3980 200
3560 3980 220
3561 4100 220
3562 3980 210
3563 6780 250
3564 3990 210
3565 3710 190
3566 4140 220
3567 3930 200
3568 5150 250
3569 3850 210
3570 3770 180
3571 3760 170
3572 3890 190
3573 3810 190
3574 3880 190
3575 3770 180
3576 4020 220
3577 3860 180
3578 3850 210
3579 4050 210
3580 4060 200
3581 4060 220
3582 3790 170
3583 3890 200
3584 3690 160
3585 4080 230
3586 3850 190
3587 3870 190
3588 3920 190
3589 5140 180
3590 4090 190
3591 3730 180
3592 3930 210
3593 3920 210
3594 3970 250
3595 3660 180
3596 3810 160
3597 3780 190
3598 3780 170
3599 3950 210
3600 3720 200
3601 3860 190
3602 3820 180
3603 6870 170
3604 3780 190
3605 3760 170
3606 4100 220
3607 3700 170
3608 4370 180
3609 3710 160
3610 10540 240
3611 4800 210
3612 3920 210
3613 3880 190
3614 5340 180
3615 4050 200
3616 3740 180
3617 4160 220
3618 3910 200
3619 4020 220
3620 3840 200
3621 3780 190
3622 4110 160
3623 3860 160
3624 4250 160
3625 3780 160
3626 3690 170
3627 3730 160
3628 3790 180
3629 3740 160
3630 3760 160
3631 3650 170
3632 5140 190
3633 4260 180
3634 3650 170
3635 3740 160
3636 3700 170
3637 3760 150
3638 3650 170
3639 3620 170
3640 3720 160
3641 4140 220
3642 4420 190
3643 4380 170
3644 3740 160
3645 3780 160
3646 3870 170
3647 3770 180
3648 3710 160
3649 3770 210
3650 4080 180
3651 3680 170
3652 3750 170
3653 3810 160
3654 3940 230
3655 3970 190
3656 4310 200
3657 7610 210
3658 3960 230
3659 5550 260
3660 3880 220
3661 4500 220
3662 3760 180
3663 3840 200
3664 4000 230
3665 4000 210
3666 5980 210
3667 5390 200
3668 3890 190
3669 8950 200
3670 3970 190
3671 3750 170
3672 3950 200
3673 3900 180
3674 3850 210
3675 3790 190
3676 3840 170
3677 3940 220
3678 3980 190
3679 6280 200
3680 3860 180
3681 3940 190
3682 3850 180
3683 4260 220
3684 4080 210
3685 4200 220
3686 4680 170
3687 4140 200
3688 3870 170
3689 4090 180
3690 3990 180
3691 4080 190
3692 5070 220
3693 4040 220
3694 4210 220
3695 7710 250
3696 4180 240
3697 4150 240
3698 5550 250
3699 4000 200
3700 4190 200
3701 4110 220
3702 4200 240
3703 4150 210
3704 4220 220
3705 3990 210
3706 4130 210
3707 4680 250
3708 4110 210
3709 4210 210
3710 4070 170
3711 4240 220
3712 4000 200
3713 4260 220
3714 4110 190
3715 4080 220
3716 4120 200
3717 4110 220
3718 4080 200
3719 4290 220
3720 4130 220
3721 4280 260
3722 5500 220
3723 4170 210
3724 4340 210
3725 4030 220
3726 4180 210
3727 3950 190
3728 4080 200
3729 4250 220
3730 4090 200
3731 4130 220
3732 4140 210
3733 4020 190
3734 4130 190
3735 3850 170
3736 4100 190
3737 3880 170
3738 3910 170
3739 3930 180
3740 3960 180
3741 3900 160
3742 3960 150
3743 5260 170
3744 4500 160
3745 3990 170
3746 3920 170
3747 3990 170
3748 3950 170
3749 4040 190
3750 3910 170
3751 4080 210
3752 3990 180
3753 4250 190
3754 4050 180
3755 3910 180
3756 3950 180
3757 3920 190
3758 3830 170
3759 3920 190
3760 3840 170
3761 3790 170
3762 4470 170
3763 3850 160
3764 3840 170
3765 3870 160
3766 5320 220
3767 4020 200
3768 5470 210
3769 4100 200
3770 4650 200
3771 3890 170
3772 4040 190
3773 3840 160
3774 4020 190
3775 3820 160
3776 3850 160
3777 3830 170
3778 3970 180
3779 3880 170
3780 4650 160
3781 3900 170
3782 4540 190
3783 3900 170
3784 3870 160
3785 3860 170
3786 9550 180
3787 4460 180
3788 5200 160
3789 3890 160
3790 3830 170
3791 4640 180
3792 3960 170
3793 4580 190
3794 4000 170
3795 4090 190
3796 4500 170
3797 4120 200
3798 4490 180
3799 4130 200
3800 3970 210
3801 6640 260
3802 4960 190
3803 4210 210
3804 3980 220
3805 4190 210
3806 4230 210
3807 4230 200
3808 4080 210
3809 5760 200
3810 5850 200
3811 5610 220
3812 4020 180
3813 4190 180
3814 4670 190
3815 4330 210
3816 4150 200
3817 4360 220
3818 4220 220
3819 4260 220
3820 4120 180
3821 4620 170
3822 4100 230
3823 4350 190
3824 4190 200
3825 4210 200
3826 4190 190
3827 3950 180
3828 4160 190
3829 4280 170
3830 4240 200
3831 4130 170
3832 4230 210
3833 4030 180
3834 5790 200
3835 4070 180
3836 4260 210
3837 4050 210
3838 4380 230
3839 4240 200
3840 4210 260
3841 5790 230
3842 4250 240
3843 4100 220
3844 4040 160
3845 4630 170
3846 4380 200
3847 4830 200
3848 4020 170
3849 4000 160
3850 4110 220
3851 4050 170
3852 4720 190
3853 4000 170
3854 4030 180
3855 5450 170
3856 4030 170
3857 4320 210
3858 4030 210
3859 3990 190
3860 4030 160
3861 3960 170
3862 4130 180
3863 4190 190
3864 4200 240
3865 4630 170
3866 4310 210
3867 4010 190
3868 4100 190
3869 4140 190
3870 4110 200
3871 4820 200
3872 4110 160
3873 4280 190
3874 4310 200
3875 4380 220
3876 4330 220
3877 4430 230
3878 4890 200
3879 4370 190
3880 4230 200
3881 4310 200
3882 4230 190
3883 8360 200
3884 4090 170
3885 4300 190
3886 4200 190
3887 4360 230
3888 4260 220
3889 4740 200
3890 4150 190
3891 4790 200
3892 4710 190
3893 5510 170
3894 4280 430
3895 4250 200
3896 4260 210
3897 4650 170
3898 4860 190
3899 4070 170
3900 4310 210
3901 4710 190
3902 4440 220
3903 4150 190
3904 4370 230
3905 4170 200
3906 4340 240
3907 5460 180
3908 4510 190
3909 4380 180
3910 4430 210
3911 4260 210
3912 4350 210
3913 5770 1640
3914 4340 220
3915 4020 180
3916 4340 210
3917 4070 200
3918 4100 180
3919 3950 180
3920 4260 200
3921 4230 200
3922 4100 180
3923 7250 230
3924 13260 230
3925 4720 200
3926 4560 180
3927 4950 200
3928 4000 160
3929 5430 200
3930 4030 190
3931 11510 210
3932 5630 210
3933 4760 200
3934 4180 190
3935 4660 200
3936 4310 200
3937 4350 220
3938 4240 190
3939 4380 210
3940 4720 180
3941 4220 180
3942 4160 180
3943 4380 190
3944 5200 220
3945 4450 250
3946 4460 240
3947 6120 250
3948 4400 230
3949 4400 210
3950 4120 180
3951 4430 200
3952 4400 210
3953 4590 260
3954 4430 210
3955 4420 240
3956 4210 180
3957 4980 200
3958 5790 190
3959 4220 220
3960 4140 170
3961 4470 220
3962 4300 200
3963 4250 200
3964 4350 200
3965 4190 180
3966 4390 190
3967 4170 170
3968 4270 210
3969 4360 180
3970 4460 220
3971 4280 220
3972 4340 200
3973 4190 170
3974 4390 200
3975 4150 180
3976 4450 200
3977 4210 170
3978 5040 210
3979 4220 180
3980 4380 230
3981 4240 190
3982 5810 200
3983 4210 180
3984 4310 180
3985 4150 180
3986 4820 220
3987 4310 210
3988 4470 230
3989 4310 200
3990 4370 210
3991 4180 190
3992 4460 220
3993 4410 210
3994 4510 220
3995 4490 230
3996 5160 230
3997 4480 230
3998 4460 200
3999 4250 220
4000 4530 210
4001 4750 250
4002 5090 230
4003 4240 200
4004 6870 230
4005 4320 190
4006 4470 220
4007 4430 190
4008 4470 230
4009 4240 190
4010 4520 210
4011 4310 210
4012 4490 210
4013 4240 190
4014 4480 220
4015 4360 840
4016 4500 220
4017 4200 170
4018 4480 210
4019 4470 260
4020 4320 230
4021 4200 170
4022 4580 350
4023 4450 180
4024 4490 200
4025 4450 190
4026 4460 210
4027 5910 220
4028 4680 220
4029 4580 240
4030 4330 240
4031 4500 270
4032 4360 220
4033 4510 220
4034 4280 200
4035 4480 210
4036 4430 270
4037 4530 200
4038 4400 200
4039 4530 220
4040 4430 210
4041 4410 210
4042 4280 180
4043 4230 190
4044 4240 180
4045 7170 210
4046 4590 220
4047 4390 210
4048 8490 250
4049 4380 180
4050 4260 190
4051 5070 210
4052 4870 180
4053 4360 190
4054 4350 200
4055 4920 200
4056 5320 200
4057 5110 190
4058 4400 190
4059 4480 220
4060 4570 220
4061 4530 230
4062 4530 220
4063 4620 210
4064 4610 230
4065 4380 220
4066 4850 200
4067 4510 230
4068 6160 200
4069 4360 190
4070 4190 170
4071 4260 200
4072 4230 170
4073 4240 190
4074 4210 170
4075 4420 190
4076 4760 190
4077 4320 180
4078 4530 230
4079 4420 200
4080 4360 220
4081 4640 220
4082 4620 250
4083 4580 230
4084 4480 220
4085 4390 220
4086 4630 240
4087 4600 230
4088 5260 220
4089 5780 220
4090 4700 230
4091 5780 220
4092 4580 240
4093 4510 220
4094 4620 220
4095 4490 220
4096 4500 220
4097 4880 190
4098 4760 230
4099 4590 260
4100 4570 230
4101 4650 220
4102 4600 270
4103 4680 240
4104 4640 230
4105 8130 240
4106 4590 240
4107 4670 250
4108 4530 250
4109 4790 230
4110 4660 230
4111 4410 240
4112 4630 220
4113 4630 280
4114 4770 240
4115 4700 240
4116 4620 230
4117 5930 230
4118 4570 210
4119 5850 250
4120 4400 250
4121 4610 220
4122 4660 220
4123 4850 230
4124 4620 240
4125 7690 260
4126 4650 250
4127 4620 240
4128 4840 240
4129 7390 230
4130 4690 230
4131 4670 230
4132 4700 230
4133 4640 230
4134 5410 250
4135 4580 220
4136 4850 230
4137 4350 190
4138 6210 220
4139 4620 250
4140 8080 230
4141 4690 220
4142 4400 220
4143 4620 240
4144 4290 200
4145 4430 230
4146 5290 220
4147 4500 220
4148 4680 240
4149 4610 240
4150 4650 250
4151 4500 230
4152 4440 220
4153 4250 180
4154 4490 230
4155 4330 190
4156 4440 230
4157 4240 170
4158 4480 230
4159 4900 200
4160 9810 240
4161 5360 300
4162 4510 220
4163 4540 210
4164 5010 220
4165 4490 210
4166 5300 230
4167 5260 220
4168 4360 210
4169 4610 230
4170 4270 190
4171 5120 220
4172 4850 190
4173 4510 210
4174 4220 170
4175 4400 190
4176 4540 220
4177 4520 220
4178 4340 220
4179 4420 220
4180 8270 190
4181 5870 220
4182 4720 230
4183 5000 230
4184 4760 240
4185 5030 230
4186 5270 220
4187 4680 230
4188 4660 220
4189 4550 220
4190 5020 220
4191 5270 250
4192 4500 210
4193 4700 260
4194 4640 230
4195 5050 250
4196 4490 220
4197 4520 240
4198 4520 210
4199 4480 210
4200 4370 170
4201 4560 210
4202 4460 210
4203 4440 210
4204 6160 180
4205 4560 230
4206 4380 190
4207 4520 220
4208 4360 180
4209 4660 210
4210 4360 190
4211 4430 220
4212 4360 190
4213 4730 220
4214 4490 190
4215 4650 210
4216 4640 780
4217 5100 240
4218 4410 180
4219 5110 210
4220 4620 210
4221 4580 210
4222 5830 170
4223 4520 220
4224 4620 270
4225 4510 210
4226 4600 200
4227 4690 210
4228 4580 220
4229 4410 260
4230 4400 190
4231 4450 230
4232 4450 210
4233 4290 190
4234 5240 220
4235 5460 200
4236 4390 210
4237 4310 170
4238 4640 230
4239 4350 170
4240 4610 210
4241 5640 190
4242 4560 220
4243 4340 200
4244 4500 230
4245 4860 180
4246 4620 220
4247 4700 290
4248 4530 230
4249 5040 240
4250 4760 220
4251 4750 240
4252 4730 220
4253 4810 230
4254 4440 210
4255 4530 230
4256 4570 210
4257 4720 220
4258 4480 200
4259 6640 240
4260 4560 190
4261 4790 230
4262 5180 210
4263 4710 270
4264 5400 220
4265 4750 230
4266 6140 230
4267 4700 230
4268 4810 240
4269 5190 210
4270 5080 220
4271 4520 180
4272 4730 230
4273 4630 210
4274 4770 210
4275 5900 260
4276 4730 230
4277 4810 260
4278 4630 240
4279 4760 230
4280 4530 190
4281 4750 220
4282 5120 200
4283 4780 240
4284 4720 230
4285 4680 230
4286 4730 240
4287 6290 230
4288 4780 240
4289 4540 200
4290 4810 210
4291 4570 210
4292 4770 280
4293 4750 220
4294 5890 240
4295 4510 170
4296 4750 210
4297 4640 190
4298 5300 230
4299 4690 250
4300 4820 220
4301 4580 220
4302 5160 200
4303 4750 230
4304 4550 190
4305 6280 200
4306 5240 220
4307 4780 220
4308 4540 180
4309 4760 220
4310 4480 200
4311 6510 270
4312 4920 240
4313 4640 200
4314 4820 230
4315 4580 200
4316 5390 230
4317 4450 190
4318 4690 220
4319 4410 170
4320 5290 210
4321 4680 230
4322 6170 210
4323 4860 220
4324 4990 200
4325 4580 220
4326 4630 210
4327 4740 220
4328 4520 190
4329 4780 220
4330 4530 180
4331 4720 220
4332 4510 180
4333 4640 240
4334 5060 190
4335 4710 230
4336 4560 200
4337 4610 190
4338 5220 190
4339 6020 210
4340 7360 210
4341 5040 180
4342 4650 220
4343 4650 180
4344 4640 200
4345 4370 170
4346 4920 230
4347 4940 180
4348 4560 200
4349 4730 240
4350 4590 230
4351 4670 180
4352 4640 230
4353 4520 190
4354 4620 210
4355 4450 180
4356 4620 210
4357 4610 200
4358 5960 200
4359 4620 200
4360 4550 190
4361 5130 230
4362 4480 180
4363 14800 310
4364 4460 180
4365 7840 270
4366 7360 190
4367 4750 230
4368 4460 190
4369 4750 230
4370 5150 200
4371 4790 260
4372 4720 220
4373 4590 210
4374 4650 240
4375 5940 210
4376 4630 210
4377 4370 170
4378 4580 200
4379 5150 170
4380 4630 220
4381 4520 180
4382 4520 220
4383 4950 190
4384 4510 200
4385 4540 200
4386 4820 240
4387 5020 180
4388 4850 220
4389 4470 180
4390 4780 290
4391 4420 180
4392 4640 210
4393 4460 180
4394 4640 200
4395 8810 200
4396 5160 200
4397 4690 260
4398 4660 180
4399 4730 210
4400 4440 170
4401 5940 220
4402 4510 180
4403 5260 260
4404 4650 190
4405 4650 240
4406 4730 230
4407 4620 200
4408 4490 170
4409 4640 210
4410 4620 200
4411 4510 180
4412 4460 180
4413 4490 170
4414 5160 180
4415 4450 170
4416 4380 180
4417 5120 210
4418 4450 190
4419 4450 190
4420 5030 170
4421 4520 200
4422 5050 190
4423 5900 180
4424 4470 170
4425 5280 200
4426 4480 180
4427 4480 170
4428 4430 190
4429 4710 210
4430 4490 210
4431 4510 170
4432 4820 220
4433 4610 230
4434 4430 160
4435 4660 180
4436 4530 190
4437 4990 180
4438 4490 190
4439 4630 240
4440 4560 180
4441 5280 180
4442 4420 180
4443 6100 210
4444 4520 160
4445 4520 170
4446 4510 190
4447 5170 200
4448 4500 170
4449 5060 180
4450 4710 210
4451 4670 200
4452 4600 170
4453 4500 160
4454 4570 190
4455 4540 170
4456 4450 180
4457 4480 160
4458 5120 190
4459 4490 180
4460 5080 180
4461 4590 190
4462 5080 180
4463 4500 170
4464 5060 180
4465 5880 190
4466 5080 170
4467 4450 190
4468 4630 190
4469 4700 210
4470 4540 190
4471 4520 210
4472 4630 190
4473 4580 180
4474 4550 160
4475 4540 700
4476 4640 180
4477 4540 200
4478 4580 210
4479 4660 220
4480 5060 180
4481 4510 170
4482 4530 160
4483 4460 170
4484 4430 170
4485 5060 180
4486 4600 180
4487 4770 180
4488 5770 190
4489 4500 180
4490 4540 190
4491 5130 190
4492 4710 210
4493 4630 200
4494 4580 190
4495 5130 170
4496 4640 200
4497 4740 230
4498 5260 200
4499 5320 210
4500 4640 190
4501 4760 190
4502 4600 180
4503 4790 200
4504 10540 260
4505 4990 220
4506 5050 250
4507 5070 230
4508 4860 210
4509 9150 250
4510 16630 260
4511 6560 220
4512 4900 210
4513 6240 220
4514 5020 240
4515 6550 240
4516 5030 260
4517 5030 230
4518 5020 230
4519 4990 270
4520 5020 230
4521 4940 230
4522 7810 240
4523 5900 230
4524 5000 230
4525 4880 220
4526 4990 230
4527 6130 250
4528 5120 250
4529 5080 240
4530 4980 240
4531 5970 280
4532 5080 290
4533 5050 230
4534 4940 230
4535 4830 210
4536 5120 200
4537 5010 220
4538 4950 250
4539 4800 220
4540 4670 180
4541 4700 180
4542 4770 200
4543 4730 200
4544 4690 170
4545 4780 220
4546 5310 190
4547 4680 180
4548 4830 210
4549 9100 230
4550 4760 210
4551 4660 210
4552 4710 180
4553 4540 180
4554 4780 170
4555 4730 200
4556 4580 180
4557 5150 180
4558 4680 200
4559 4750 190
4560 4590 190
4561 9820 220
4562 6050 260
4563 4840 220
4564 4720 200
4565 5530 200
4566 4720 200
4567 4620 200
4568 4720 190
4569 6060 200
4570 4620 190
4571 4750 200
4572 5200 190
4573 4550 190
4574 4620 190
4575 4940 210
4576 4640 190
4577 4560 190
4578 4750 190
4579 4660 180
4580 4590 180
4581 4680 180
4582 4680 180
4583 5190 170
4584 5110 170
4585 5590 190
4586 4610 190
4587 4660 190
4588 4660 180
4589 4920 180
4590 4620 190
4591 4810 190
4592 8440 180
4593 4680 200
4594 4650 180
4595 4660 200
4596 4740 210
4597 4640 190
4598 4680 180
4599 4540 170
4600 4810 210
4601 4790 210
4602 4590 180
4603 5050 190
4604 4550 170
4605 4560 170
4606 5850 170
4607 4630 190
4608 4640 170
4609 4490 180
4610 4560 170
4611 8850 190
4612 5120 190
4613 4650 160
4614 6000 220
4615 4560 190
4616 4540 180
4617 4510 170
4618 4680 220
4619 4610 180
4620 4530 170
4621 4930 230
4622 4640 200
4623 4850 220
4624 4920 280
4625 5480 240
4626 4870 220
4627 4680 210
4628 5420 210
4629 5260 180
4630 5260 190
4631 4900 220
4632 4900 220
4633 4900 220
4634 4660 180
4635 4850 230
4636 4670 200
4637 6870 220
4638 4780 190
4639 4860 220
4640 4850 210
4641 4910 230
4642 4980 230
4643 4700 200
4644 5500 210
4645 5030 210
4646 5370 230
4647 4800 220
4648 4950 230
4649 5470 210
4650 4750 190
4651 6480 220
4652 4750 180
4653 5540 230
4654 4680 200
4655 5420 220
4656 8880 270
4657 4980 220
4658 4960 220
4659 6130 820
4660 4860 220
4661 5530 190
4662 4840 210
4663 5500 230
4664 4830 200
4665 5730 240
4666 4870 200
4667 5060 200
4668 5060 210
4669 4920 220
4670 5650 220
4671 4960 200
4672 4950 220
4673 4890 190
4674 4900 200
4675 5070 190
4676 4780 180
4677 4800 190
4678 4860 190
4679 6870 190
4680 4800 170
4681 4870 180
4682 4750 190
4683 4800 180
4684 5370 180
4685 5910 190
4686 4600 180
4687 4730 180
4688 5420 190
4689 4720 170
4690 4650 180
4691 4720 170
4692 4740 180
4693 5300 180
4694 4670 170
4695 8440 200
4696 4740 180
4697 4690 180
4698 4710 190
4699 4820 220
4700 6070 200
4701 4660 170
4702 4770 180
4703 4790 170
4704 5580 180
4705 4870 210
4706 5370 200
4707 4640 180
4708 4750 180
4709 4810 190
4710 4740 170
4711 4700 180
4712 4790 170
4713 5570 170
4714 4780 190
4715 4770 180
4716 4950 230
4717 4840 180
4718 4700 180
4719 4710 190
4720 5330 170
4721 4830 180
4722 4750 170
4723 5390 170
4724 6030 190
4725 4840 180
4726 5370 180
4727 4780 200
4728 4770 180
4729 4720 180
4730 8960 1660
4731 5000 240
4732 6610 230
4733 4880 210
4734 5020 220
4735 7660 220
4736 4810 200
4737 4920 220
4738 10440 230
4739 4850 220
4740 4980 250
4741 9560 260
4742 4840 250
4743 5030 230
4744 8120 240
4745 6300 280
4746 6800 270
4747 5270 240
4748 5230 230
4749 5130 230
4750 5170 240
4751 5210 220
4752 5240 230
4753 5030 230
4754 5250 380
4755 5110 210
4756 5130 230
4757 5280 260
4758 5550 210
4759 5220 230
4760 4950 210
4761 5020 220
4762 5630 210
4763 5570 210
4764 6500 230
4765 5120 220
4766 5650 230
4767 6890 260
4768 4940 210
4769 5100 220
4770 5680 250
4771 5600 240
4772 4890 190
4773 5030 200
4774 5170 260
4775 4980 190
4776 5120 240
4777 4990 210
4778 5160 240
4779 4920 190
4780 5670 220
4781 5070 200
4782 5000 210
4783 5170 220
4784 4990 190
4785 5060 210
4786 6420 180
4787 5550 230
4788 5100 250
4789 4820 200
4790 5090 230
4791 4780 200
4792 5100 230
4793 4950 230
4794 4930 210
4795 5060 210
4796 4920 210
4797 4930 220
4798 4790 180
4799 5100 230
4800 4970 250
4801 4850 200
4802 5500 210
4803 4940 220
4804 5630 220
4805 4760 190
4806 9130 250
4807 4950 270
4808 4870 200
4809 5760 230
4810 4880 220
4811 5100 210
4812 4920 180
4813 6350 230
4814 5040 230
4815 4970 200
4816 4990 250
4817 4830 200
4818 5100 230
4819 5530 210
4820 5200 220
4821 5010 270
4822 5100 220
4823 5000 240
4824 5070 200
4825 5070 200
4826 5190 240
4827 4940 220
4828 5200 230
4829 5500 200
4830 5680 240
4831 5700 220
4832 4980 240
4833 5100 230
4834 6430 220
4835 5010 230
4836 5080 200
4837 4980 190
4838 4970 210
4839 5020 210
4840 5270 250
4841 4960 190
4842 5080 230
4843 5120 230
4844 5070 220
4845 5020 240
4846 4890 250
4847 5130 230
4848 8310 230
4849 5050 230
4850 5650 230
4851 4820 200
4852 7050 240
4853 5030 210
4854 5040 200
4855 5100 220
4856 4900 180
4857 5080 220
4858 4870 190
4859 5080 220
4860 5050 250
4861 5060 230
4862 8430 230
4863 5030 190
4864 4980 210
4865 4850 180
4866 5170 260
4867 4990 210
4868 5490 180
4869 5090 220
4870 5000 200
4871 5120 220
4872 8990 260
4873 6590 230
4874 5650 230
4875 5540 180
4876 5160 210
4877 5040 210
4878 5060 220
4879 5180 210
4880 5000 200
4881 5170 230
4882 5530 200
4883 5190 240
4884 5090 220
4885 6420 190
4886 5040 210
4887 4940 190
4888 5110 230
4889 4970 220
4890 5670 240
4891 5800 220
4892 5190 190
4893 5200 240
4894 4940 200
4895 5190 220
4896 5100 270
4897 5070 220
4898 5190 220
4899 4940 180
4900 5150 240
4901 10050 260
4902 5160 240
4903 5240 240
4904 5390 220
4905 5760 220
4906 5300 230
4907 5170 210
4908 5180 220
4909 6480 240
4910 5120 240
4911 5190 230
4912 5030 210
4913 5180 220
4914 5140 230
4915 5650 200
4916 5090 190
4917 5080 190
4918 6550 230
4919 5590 230
4920 5160 260
4921 5140 230
4922 5020 190
4923 5170 230
4924 5150 230
4925 5300 240
4926 5160 220
4927 5140 230
4928 5280 230
4929 5190 230
4930 5170 200
4931 5930 230
4932 5250 230
4933 5290 250
4934 5330 220
4935 5290 260
4936 5310 220
4937 5770 230
4938 5300 210
4939 5380 250
4940 5150 210
4941 5360 230
4942 6730 240
4943 5330 220
4944 5240 240
4945 5240 210
4946 5380 230
4947 5200 220
4948 5380 260
4949 5370 240
4950 5110 210
4951 5380 220
4952 5400 230
4953 5230 230
4954 5350 220
4955 5110 220
4956 5390 240
4957 5320 230
4958 5150 210
4959 5330 230
4960 5320 230
4961 6800 250
4962 5230 220
4963 5090 210
4964 5140 960
4965 5160 190
4966 5320 250
4967 5180 190
4968 5190 190
4969 5270 200
4970 5140 200
4971 5710 220
4972 5060 220
4973 5210 210
4974 5080 220
4975 5110 190
4976 5350 290
4977 7540 270
4978 5220 230
4979 5290 230
4980 7670 280
4981 6660 1950
4982 5240 230
4983 6210 230
4984 5220 240
4985 5330 250
4986 5250 250
4987 5110 220
4988 5310 240
4989 5230 240
4990 5300 250
4991 5360 230
4992 5950 220
4993 5420 240
4994 5590 260
4995 5930 210
4996 5430 240
4997 6010 240
4998 5150 230
4999 5380 230
